voltage mean,voltage std,voltage kurtosis,voltage skewness,CC Q,CC charge time,voltage slope,voltage entropy,current mean,current std,current kurtosis,current skewness,CV Q,CV charge time,current slope,current entropy,capacity
4.095724758842444,0.05674513788134941,-1.2125289133140986,0.03292155694904841,0.3540000000000001,318.29999999999995,0.0006278280542986422,5.535906171676412,0.22978324607329842,0.10856081680070774,-0.49730397543609817,0.7757641588483922,0.062000000000000055,979.9200000000001,-0.0009576107899807309,6.5054983241924855,1.9708763888605934
4.094500332225913,0.055551434667138286,-1.1775179586836113,0.0729829985635032,0.34299999999999997,308.4,0.0006588531320354915,5.507084300245432,0.2323194785276074,0.10957141970556229,-0.5581948692352872,0.7460823785336277,0.04300000000000004,669.3000000000002,-0.0013557718302243847,6.126894374655558,1.933922828249903
4.093560067114094,0.05604982247960733,-1.1896172539351961,0.08268719125971524,0.33999999999999997,305.64,0.0006711183056792115,5.488821532945117,0.2309457796852647,0.10931189613530351,-0.5310666457277975,0.7606074804082634,0.04600000000000004,717.1199999999999,-0.001295442908346136,6.193529839157877,1.927310227254721
4.094280204778157,0.05621129157902313,-1.1958199676181127,0.0627960109325854,0.33299999999999996,300.0,0.0006763383735185911,5.474631265547084,0.22925566037735848,0.10908238318998886,-0.4836848057363108,0.7879023517061801,0.04800000000000004,761.28,-0.0012346134908911865,6.2475795801664455,1.9199660606389861
4.094890753424658,0.05642747087452495,-1.1995131607379281,0.05735197056776267,0.3320000000000001,299.22,0.0006776111336305899,5.471127071862127,0.22885919463087248,0.1088184249568502,-0.4877748462533291,0.785325164961423,0.04800000000000004,765.2400000000002,-0.0012415856394913985,6.250677114226048,1.920582045496217
4.094968384879725,0.05642248915344936,-1.2009954007419328,0.054035167254746115,0.33199999999999996,298.55999999999995,0.0006784841075794618,5.467921227940788,0.22906129032258066,0.10881762886142686,-0.48807820060045515,0.7837337075267334,0.04899999999999993,763.74,-0.0012410824108241088,6.250271513335984,1.922179798020955
4.094908591065293,0.05657976240514323,-1.202716062916281,0.05262876272333248,0.33199999999999996,298.31999999999994,0.0006788866259334669,5.467759940648682,0.2291812834224599,0.10879676201565373,-0.49439706449689336,0.7811837297731178,0.04899999999999993,768.4199999999998,-0.0012131268436578154,6.2564975916666095,1.9244291666949618
4.095805980066444,0.0566899936454503,-1.211008091792546,0.0319849724347113,0.3420000000000001,308.6399999999999,0.0006446419371458042,5.504013502238241,0.2305030588235294,0.11013917629685398,-0.5293776789454481,0.7707123133169714,0.05600000000000005,870.7799999999997,-0.001026435357290379,6.381905792342802,1.9296145201582906
4.095421993127148,0.05655709882017711,-1.2060206605849577,0.045624198686406374,0.33099999999999996,297.7199999999999,0.0006751824817518238,5.468661022287017,0.22971286089238846,0.10877067036768341,-0.48697674468473817,0.7832675366955976,0.050000000000000044,780.54,-0.0012105896510228656,6.278684199018593,1.9322044443538993
4.095443493150684,0.05667837516271589,-1.205366868265791,0.0409772038980407,0.33199999999999985,298.44000000000017,0.0006732580037664741,5.472340507533563,0.2285224093264249,0.10873860396676398,-0.48516677524288276,0.7869566354361184,0.050999999999999934,790.3799999999999,-0.0011942636779946935,6.284853243105611,1.9347538635113495
4.09558156996587,0.056703994010866204,-1.2083007511646944,0.04094974220504202,0.33299999999999996,299.34000000000026,0.0006702753274525508,5.47582256798335,0.2286392356687898,0.10894029283620205,-0.48595559472784,0.7877823877238144,0.050999999999999934,804.0599999999997,-0.0011689237348538873,6.301084001445889,1.9372468685551663
4.095554266211605,0.05664007876720395,-1.207702770222472,0.04026902134308005,0.33299999999999996,299.6399999999999,0.0006683993069438888,5.476199268189545,0.22794431818181818,0.1090259700228992,-0.4760946720480943,0.7913885935157373,0.050999999999999934,811.6799999999998,-0.0011606933708128348,6.304435107610013,1.9396675504098746
4.095635333333333,0.056581890078795445,-1.2096484215814483,0.03370906602096139,0.3400000000000001,306.72000000000025,0.0006491228070175427,5.50027987041887,0.2301340144230769,0.10973571895099653,-0.5196866580608392,0.774370540111037,0.05400000000000005,851.9399999999996,-0.0010761660248181481,6.361522608482131,1.9442300526793446
4.095616326530612,0.05661351854233861,-1.2066796476690336,0.035727598675471275,0.33399999999999996,300.7800000000001,0.0006644099296429062,5.480314221158022,0.2287969696969697,0.10899632611688745,-0.4765560121595942,0.7920064318026017,0.052000000000000046,811.8,-0.0011590171534538712,6.310857879990621,1.9463505215188233
4.0956742372881365,0.056642348779563555,-1.2073198937579441,0.03821807789870608,0.33499999999999996,301.5000000000002,0.0006646746347941522,5.4834331645150005,0.22862911392405066,0.10915145945770269,-0.48550195669077656,0.7898591290697204,0.050999999999999934,807.9000000000001,-0.0011495457721872832,6.305963128288613,1.9483559640186299
4.095665870307167,0.056634836500790174,-1.2066585227552586,0.03795746239677536,0.3340000000000001,300.6600000000002,0.0006654700172849303,5.4766263561885165,0.2286872286079183,0.10890055625360658,-0.4878507153521836,0.7873640914208134,0.050999999999999934,804.96,-0.0011617578307620397,6.298991027036278,1.9502409376789578
4.095824161073826,0.05669715752377778,-1.2092408059950341,0.03068083189631539,0.33899999999999997,305.76,0.0006520605112154379,5.493850838480052,0.23031289926289925,0.10983342678577329,-0.5210068538694936,0.7748540836517769,0.05400000000000005,837.0,-0.0010885245901639347,6.340374629685403,1.9536341647050426
4.095775684931507,0.056559369261362846,-1.2074859632713493,0.035659105239584675,0.33299999999999996,299.69999999999993,0.0006673320026613431,5.473231131357399,0.2292910141206675,0.1092291990114666,-0.48814481549681465,0.7865319937403488,0.050999999999999934,800.6999999999998,-0.0011640953716690083,6.295336573463024,1.9551702704097398
4.095596917808219,0.05649392703530138,-1.2089773920073357,0.038478253052329214,0.33299999999999996,299.4000000000001,0.0006684097613301183,5.473146729098145,0.22912934362934365,0.10911594302906107,-0.4943082950626696,0.7851824268795234,0.050999999999999934,798.4200000000001,-0.0011712344811431268,6.292467103156806,1.956641611952838
4.095867465753425,0.0565907297010574,-1.2069605997952149,0.035951831116541696,0.3330000000000001,299.6400000000001,0.0006665334931415592,5.473434517661277,0.2289857874519846,0.10917693748060973,-0.49565304129266385,0.7833114601980048,0.050999999999999934,802.3199999999995,-0.0011590643274853798,6.295940615305128,1.958081484173083
4.095424657534247,0.05656285879219447,-1.207145611715487,0.037380960115185456,0.3330000000000001,299.5200000000001,0.0006681409998659719,5.4730846628034335,0.22892741312741313,0.10901470970432443,-0.4988968428196192,0.7798314145149909,0.050999999999999934,798.72,-0.0011738924425491607,6.291122627475737,1.9595231819092214
4.096084848484848,0.05660716251387863,-1.2080511443414006,0.030573884998422583,0.33899999999999997,304.79999999999995,0.0006524573067396657,5.490543981408766,0.23014720496894409,0.10957678170333848,-0.516761649115836,0.77443715483994,0.052999999999999936,827.2799999999997,-0.001101170753258229,6.329738414099358,1.9625366235631283
4.0954250859106525,0.05649039047535352,-1.207772523929967,0.038093964655651506,0.33199999999999996,298.7400000000001,0.0006693440428380149,5.469847811338434,0.22947744845360823,0.10896008038596712,-0.4980048996798967,0.778259290423214,0.051000000000000156,797.3999999999999,-0.0011687704534829365,6.293030128002127,1.964123298832167
4.095519178082191,0.05667653511111245,-1.207609479688353,0.03752026215734903,0.3330000000000001,299.51999999999987,0.0006694813027744271,5.472552625212685,0.22985162972620599,0.10860404449972672,-0.5039581178950443,0.7750330236970933,0.051000000000000156,788.1599999999999,-0.0011762589928057544,6.286291793752113,1.9657416623196422
4.095251546391752,0.0565310955638568,-1.207511147224028,0.03962685449949259,0.33100000000000007,298.5000000000001,0.0006715210355987027,5.469175760256435,0.22927800776196636,0.1089572100287403,-0.4940602736934938,0.7809838063821174,0.050000000000000044,794.1000000000004,-0.001176609848484845,6.288455559753159,1.9673733505380784
4.095642229729729,0.05648202841805076,-1.2052879336020654,0.034948916533766194,0.33699999999999997,303.5999999999999,0.0006570828410135247,5.487784399190471,0.2302487468671679,0.10956202723440667,-0.5102245982330653,0.7742831226206581,0.052000000000000046,820.3200000000002,-0.0011274509803921543,6.3213525697919755,1.9706003503309601
4.095651379310344,0.05651623155458957,-1.2038726369849897,0.040342804511616245,0.33099999999999985,297.8399999999999,0.0006713520749665323,5.466343235534046,0.22949075520833337,0.10895614611628385,-0.4851155019664404,0.784129913539172,0.050000000000000044,789.5400000000002,-0.0011837121212121176,6.283679559416732,1.9721415536086193
4.0955615916955015,0.05653564768407805,-1.2064757450951635,0.04052808272261817,0.32999999999999996,296.4599999999998,0.0006758397409955493,5.462311698007108,0.22982229465449808,0.1088381837089618,-0.49258244904214177,0.780671921908347,0.04999999999999982,788.52,-0.0011925082977714573,6.283073667274995,1.9735878650236656
4.095309722222222,0.056516156514266426,-1.2064290210847746,0.0425354759215969,0.32799999999999996,295.62,0.0006782077393075345,5.458897243843953,0.2296796812749004,0.10871051999172171,-0.48638177201772104,0.7831392231892421,0.04999999999999982,773.8800000000003,-0.0012211701869385759,6.26714472927889,1.9749035397667858
4.095444599303136,0.056638088449090206,-1.2065072697827175,0.04304550487423883,0.32799999999999985,294.65999999999997,0.00068240401573735,5.455115937351314,0.23007008086253367,0.10911703598202664,-0.5060294407101487,0.775644310897423,0.04800000000000004,762.9000000000001,-0.0012208302628346865,6.2510656153104645,1.9760528330286677
4.095723129251701,0.05643570668333338,-1.2063652754696441,0.034307760774412444,0.33499999999999996,301.74,0.0006605892456070845,5.480743095106613,0.23002397959183674,0.10928233216745865,-0.5066003033440527,0.7774734238794937,0.052000000000000046,805.7400000000002,-0.00114155251141552,6.305028948599572,1.9777350521658912
4.0951933333333335,0.05638850689583403,-1.2044483428969572,0.04821452281085398,0.32600000000000007,292.5,0.0006883009508061174,5.4477478015643825,0.22987876344086025,0.10915363029234439,-0.5074915303284406,0.7739591984667549,0.049000000000000155,764.7000000000003,-0.0012230303030303035,6.251902025384702,1.9783510261891368
4.095257491289199,0.056547011720098156,-1.2037370018178384,0.0479912315420565,0.32799999999999996,294.53999999999996,0.0006851471594798048,5.454137527142865,0.23004825737265414,0.108975846394967,-0.5111980399685767,0.7708031579489149,0.04899999999999993,766.9799999999998,-0.0012138868657441113,6.256630330987389,1.9789667150269539
4.095173519163763,0.05642889018222287,-1.2012064802866982,0.05234242760153847,0.32699999999999996,294.29999999999995,0.0006855500821018068,5.454460508796505,0.2298677197802198,0.10906518889071633,-0.5058000081120895,0.7717996949239097,0.04800000000000004,748.5600000000002,-0.0012531048186785858,6.230014619288421,1.9797009116365591
4.094783216783218,0.056228406560542156,-1.1989929537014135,0.0562073256941709,0.32600000000000007,293.3399999999999,0.0006889899407468627,5.450944672996025,0.23064,0.10896106865910106,-0.5115522784219477,0.7695151252006088,0.04700000000000015,740.22,-0.0012443267776096835,6.22474183301143,1.9806724089751688
4.095794576271187,0.05676619701129835,-1.2095818880626874,0.0343503553351214,0.33699999999999997,302.82000000000016,0.0006600660066006567,5.483248663451966,0.22899709228824272,0.10908569650711687,-0.4841406086368196,0.7899656378632619,0.051000000000000156,811.3800000000001,-0.00115117891816921,6.310222963299235,1.983741848412882
4.093959861591695,0.056475203683764734,-1.1959751293980316,0.0717410474672983,0.329,296.4600000000001,0.0006931723563696905,5.457974504116612,0.22999101123595506,0.10925742153636592,-0.5110448475935252,0.7735248920408404,0.04699999999999993,731.1599999999999,-0.0012597631645250716,6.207964148377987,1.9857136008940917
4.093890034364262,0.056377756974201436,-1.1936267600545303,0.07992601750385786,0.332,298.4400000000001,0.0006916287408633276,5.465440195891912,0.2304826398852224,0.10960800913739183,-0.5256958217278207,0.7656988826946795,0.04600000000000004,715.5599999999997,-0.001291602662570406,6.186235217051914,1.9876702748685187
4.094239041095891,0.05590222797197968,-1.185627883883322,0.07358736434803116,0.33199999999999996,299.34000000000003,0.0006824093086926723,5.473122943244913,0.23155803981623277,0.10960755268386409,-0.5503173346682106,0.7521692704481802,0.04400000000000004,671.2200000000001,-0.0013454790823211873,6.126137008254176,1.9893668877610529
4.095701355932204,0.0566567045251749,-1.2079202223288363,0.03432800829473502,0.33699999999999997,303.05999999999995,0.0006591448931116384,5.48368267005312,0.22979603469640644,0.10971741875982928,-0.5029675366835367,0.7833913984249866,0.05300000000000016,829.44,-0.0011144245637287396,6.330073188276571,1.9905382949233223
4.094457679180887,0.05602360896844554,-1.1814655546647232,0.07008479873588941,0.33399999999999996,300.71999999999997,0.0006809232858112684,5.47778622581925,0.23275729813664597,0.11010759288965767,-0.5744568480181123,0.7369893946681179,0.04300000000000004,661.6800000000003,-0.001353576248313092,6.113786390536328,1.9862389447266378
4.093496219931271,0.05624257861212729,-1.1927205729593389,0.07932237601631646,0.332,298.32,0.0006916666666666645,5.464975674002401,0.2316268505079826,0.10968536578655087,-0.5457003543019052,0.7529643298414893,0.04500000000000004,708.0,-0.001287646758550283,6.179484239627355,1.9848530222977572
4.095932881355933,0.05667123956110984,-1.2088693483212274,0.02854394468551137,0.3360000000000001,302.46000000000004,0.0006582577847851796,5.484424102624251,0.23030748792270533,0.10969841162924523,-0.5184717145190785,0.7740441022410673,0.05500000000000016,850.7399999999998,-0.0010826856649395525,6.358058683193522,1.9838920089308663
4.094334843205575,0.05636439097447207,-1.1991587192394086,0.06318921666214684,0.32699999999999996,294.4200000000001,0.0006914967401858747,5.452944617538948,0.22954000000000002,0.10906123914110456,-0.501671258577097,0.7758126135009092,0.04800000000000004,755.7,-0.0012327925270403163,6.238326139328732,1.9843673774271795
4.094818181818182,0.05631966037669229,-1.199047905110006,0.05821896296280993,0.32500000000000007,293.34000000000003,0.0006896789306876136,5.450473154100773,0.22968456284153005,0.10906144227294946,-0.5010511034694138,0.7772326108897206,0.04899999999999993,752.6399999999999,-0.0012521782424695061,6.235634979770828,1.985170983135595
4.09482027972028,0.05646561867392801,-1.2001093172657535,0.05380733795123684,0.32599999999999996,293.4599999999999,0.0006900826446281,5.450457213110654,0.2298035616438356,0.10913242032227127,-0.5085416493239068,0.7741736369223401,0.04800000000000004,750.06,-0.0012447099825740613,6.232597493385578,1.9860477037027668
4.095048771929824,0.05648988892822697,-1.2023248798559607,0.05086016563938521,0.32499999999999996,292.5,0.0006904860250585146,5.447815302382345,0.22979215155615695,0.10889476847608481,-0.5073388552836078,0.7742611606642003,0.04799999999999982,759.5999999999999,-0.0012318840579710133,6.246667528163979,1.9867424167753505
4.095513605442178,0.056579879887546786,-1.2078594776793277,0.035723901362169234,0.33499999999999996,301.98,0.0006618819776714482,5.4800967876039035,0.2299924317617866,0.10952265876937446,-0.5049697707766851,0.7780746529459741,0.052999999999999936,828.4199999999996,-0.0011137123745819425,6.330666484698122,1.986648298982843
4.095250877192982,0.056359339339717957,-1.204615171275898,0.04512718926894519,0.32499999999999996,292.26,0.0006877759381898421,5.448063514459103,0.22935430463576154,0.10918725111464901,-0.49427894055762733,0.7825429932961652,0.04899999999999993,775.7399999999998,-0.0012107031437485012,6.2639737543387195,1.985847031167896
4.095422027972028,0.056645333571864034,-1.2063757525212249,0.04303188075688482,0.32599999999999985,293.46000000000004,0.0006848659003831378,5.4514407348824285,0.2296490118577075,0.10909205319138081,-0.49841295830003807,0.7800162851647604,0.050000000000000044,780.0000000000002,-0.001204370797310279,6.2717869565226225,1.9848388819586489
4.095189198606271,0.05656995042419075,-1.2052441360501167,0.043051947619634795,0.32699999999999996,294.72,0.0006816939890710391,5.454844581115021,0.2289990979381443,0.10892192163229991,-0.4806581212099337,0.7875583945980401,0.050999999999999934,797.0399999999997,-0.001182606657290203,6.2915888021501285,1.9838665367585908
4.09541637630662,0.05642288663297695,-1.2049624318217993,0.04219868189490837,0.32700000000000007,294.5999999999999,0.0006812901462347984,5.455722929332273,0.2291700128700129,0.10886616351715758,-0.4827967958855752,0.787320431684003,0.050999999999999934,799.1999999999998,-0.0011825284090909126,6.294630119110709,1.9831726809712114
4.095864406779661,0.05660654679365565,-1.2079114209140638,0.029013989698213543,0.3360000000000001,302.5799999999999,0.000658655109009718,5.484082030053588,0.22926562874251494,0.10918568430403325,-0.5022988120332608,0.7794171937165156,0.05400000000000005,858.7800000000002,-0.0010849159572145777,6.363857241814311,1.9835075935963777
4.09527197231834,0.05660335260271909,-1.206431808638843,0.04059690785395806,0.32900000000000007,296.52,0.0006771257810377643,5.461765613633544,0.22873122580645164,0.1089484444178899,-0.47317267326520573,0.7936837793617757,0.051000000000000156,796.1400000000001,-0.0011952144041696275,6.289403060633078,1.9845202189034894
4.0956574394463665,0.05657595948863336,-1.2070734099718308,0.04234608151235324,0.32899999999999996,296.5200000000001,0.0006765142317550238,5.462640356780241,0.22904785992217902,0.10896254906998974,-0.48430701641110785,0.7880408651784709,0.051000000000000156,792.6599999999999,-0.0011899692453276563,6.285395966762567,1.9857790474124122
4.0954276816609,0.056443078426302716,-1.2056648890698873,0.03898322401248602,0.32900000000000007,296.34000000000015,0.0006750371270419844,5.462289297628538,0.22893363754889182,0.10884308006678257,-0.4778994231743421,0.7900492386370902,0.050000000000000044,788.4000000000001,-0.001196980589503954,6.280580837238775,1.9870252506142236
4.095996245733788,0.056612367522953407,-1.2085907104312952,0.03275375582475776,0.33499999999999996,300.8399999999999,0.0006629688325409384,5.477198095969058,0.22920477386934673,0.1090659913984315,-0.4877258569369425,0.7859728653151687,0.052000000000000046,819.1200000000003,-0.0011503811503811516,6.317412958707362,1.9885108857197156
4.095659027777778,0.056453081444774476,-1.2066217941106236,0.03833818148664624,0.32900000000000007,295.91999999999996,0.000675967111470554,5.45941097491374,0.22865556978233037,0.10878106457739252,-0.47973628120472034,0.7905891122117868,0.050999999999999934,803.8800000000001,-0.0011730587121212114,6.297645678402897,1.9886311725589334
4.095430208333333,0.05652469922236488,-1.2082719037680594,0.037834849678061167,0.32800000000000007,295.86,0.000676299009632339,5.459183427937504,0.22868817480719794,0.10872552250138065,-0.47866754985289006,0.7893378034220546,0.050999999999999934,800.52,-0.0011730587121212114,6.2940332625583615,1.9885005439621117
4.095482291666666,0.05657084912865592,-1.2080953876680176,0.03997614192572338,0.32900000000000007,295.91999999999996,0.000678058041768374,5.459208949069137,0.2289604353393086,0.10904667742968259,-0.48023227385837153,0.7897149564959041,0.050999999999999934,802.8,-0.0011649122807017547,6.297418725897099,1.9882586833737095
4.0955385416666665,0.056501216868271836,-1.2068864924100817,0.03900159795431832,0.32900000000000007,295.7399999999999,0.0006768499660556712,5.458916250997753,0.22892589743589742,0.10897137825154256,-0.4787860747646744,0.7905332844848708,0.050999999999999934,802.3799999999997,-0.0011816891412349195,6.296675889231089,1.9880452742381853
4.095772945205479,0.056524756858398834,-1.207427297490497,0.03401793566228603,0.33399999999999985,300.0,0.0006645401382243522,5.474477934626169,0.22906407035175877,0.1090271767352036,-0.4842218483052294,0.788057436913947,0.052000000000000046,818.46,-0.0011449771689497669,6.316897149093491,1.98822106752101
4.095657986111111,0.05654665851312355,-1.205041881102623,0.0403574355300324,0.32800000000000007,295.80000000000007,0.0006777149016437617,5.459214786136106,0.22862644415917843,0.10913535362614807,-0.4772386395515107,0.7926415401264814,0.050999999999999934,800.9999999999998,-0.0011836257309941554,6.292500330911481,1.9886407773326653
4.0952520833333335,0.05652076126515861,-1.2061927796131304,0.04295457990770504,0.32800000000000007,295.6199999999999,0.0006795655125594048,5.458578079502653,0.22954456233421752,0.10903257466374806,-0.49045688425609457,0.7811261261097322,0.049000000000000155,775.8,-0.0012117903930131003,6.264656858602293,1.9891499533838164
4.095477972027973,0.05652863471498739,-1.2055975325667108,0.04019709809175664,0.32699999999999996,294.0000000000001,0.0006819421713038695,5.45250263796886,0.22977936085219708,0.1089011724744162,-0.5014419214368275,0.7763360929650098,0.050000000000000044,772.98,-0.001205725376031052,6.262743540404276,1.9896394196233116
4.095766780821917,0.05656600907601293,-1.2075889444982189,0.035326931484628295,0.33399999999999985,299.81999999999994,0.0006661348224970095,5.47308971039074,0.22876849315068493,0.10917200153381824,-0.4778605563325953,0.7931110532060164,0.05300000000000016,826.3800000000001,-0.0011385691717445225,6.323472919319602,1.9901487081836726
4.0952132404181185,0.05661107947623724,-1.2070609803508945,0.04264627748752979,0.32799999999999996,294.9000000000002,0.0006807319404615617,5.4546225990458455,0.2292207792207792,0.10874147852884643,-0.48715388124714387,0.7841265050650067,0.050000000000000044,792.0000000000002,-0.0011817528735632188,6.286349831376372,1.990107316727883
4.095533916083915,0.056542949237199436,-1.206098325553493,0.043650528815349234,0.32600000000000007,293.76,0.0006834630615867777,5.451381211371751,0.22943942931258104,0.10916546147203904,-0.48981725351474825,0.7833050890024057,0.050000000000000044,793.1999999999998,-0.0011864206292879116,6.2856942785045975,1.989923787907126
4.0953034965034965,0.05658592502426187,-1.2056523539075463,0.044438649309554996,0.32599999999999996,293.7600000000001,0.0006844262295081973,5.451955587513335,0.229572265625,0.10896531725102693,-0.498208157764358,0.7784654443292215,0.050999999999999934,790.6200000000003,-0.0011872632575757542,6.28354423085357,1.9896460839958967
4.095199647887324,0.05645722392819926,-1.2044779617612047,0.04660093815159794,0.32300000000000006,291.48000000000013,0.0006893939393939407,5.4440437048215395,0.22976447368421055,0.10929628936729663,-0.4987205901400187,0.7778104611803518,0.04999999999999982,781.9799999999998,-0.0011979166666666698,6.271525093898255,1.9893221672686896
4.0954674657534245,0.056542270553374664,-1.2075190525152328,0.03515672044371539,0.33299999999999996,299.82000000000016,0.0006663990365315112,5.47331760632758,0.22865006195786866,0.10891456559674996,-0.4824323148618612,0.7911149909718844,0.05300000000000016,830.52,-0.0011301369863013656,6.327541925297607,1.9887285184347463
4.095240845070423,0.05658294255354921,-1.204111126858578,0.049085102941682716,0.32400000000000007,291.65999999999997,0.0006908890723919601,5.443282140263825,0.2297021333333333,0.10903663932572798,-0.5030436416331252,0.775705562686276,0.049000000000000155,771.54,-0.0012193939393939396,6.259727982583237,1.988560554699543
4.094808127208481,0.056354726814188696,-1.2016873235501129,0.05201531416112883,0.32299999999999995,290.69999999999993,0.0006951423785594619,5.440762719404951,0.230123537414966,0.10916797830319304,-0.5058924104211697,0.7738373540243848,0.04800000000000004,756.6000000000004,-0.0012223858615611192,6.239116185686884,1.9885499148914287
4.094819787985865,0.056288290279327996,-1.201219033506723,0.05417938782936653,0.32299999999999995,290.64,0.0006954335986594028,5.439954939638679,0.23054797297297297,0.10906763774832234,-0.5087309648408427,0.7694257416169887,0.049000000000000155,761.1600000000001,-0.0012275594371664233,6.250649375585734,1.9887504051074412
4.094514084507042,0.056410293476256326,-1.201174554563644,0.059366850796859466,0.32500000000000007,291.7199999999999,0.000696538246789504,5.442771585933144,0.23047750342935527,0.10921153214365033,-0.5086750075319477,0.7718292585821784,0.04800000000000004,750.06,-0.0012392532547285673,6.23452026427847,1.9892158314446187
4.095607191780822,0.056657810126038995,-1.2067242233992261,0.03618659807363412,0.3340000000000001,300.0600000000002,0.000666002656042495,5.47308204119112,0.22863018633540375,0.10910261371112434,-0.48350716200197974,0.7886426095283534,0.05300000000000016,828.4200000000001,-0.0011369863013698644,6.324876660422925,1.9911224032625263
4.094116783216783,0.05628408646902164,-1.1955733803994864,0.07078814533839801,0.32599999999999996,293.82,0.0006962466862006424,5.448391314258094,0.2303472375690608,0.10909602506846498,-0.521666340035488,0.7666115486975967,0.04700000000000004,745.0800000000002,-0.0012443267776096835,6.225187980064329,1.9924652792887583
4.093868055555556,0.056200406721513864,-1.1930271115826248,0.07965846729698349,0.329,295.86,0.0006958403126744855,5.454877583575719,0.23125849858356942,0.1096766438011278,-0.5312030772578327,0.7608589333662512,0.04700000000000004,726.3599999999999,-0.00126354245401865,6.202544001695722,1.993876552527158
4.0947679310344824,0.05596867879505651,-1.1834501193381088,0.06928535869571402,0.331,297.78000000000003,0.0006840235069017318,5.467497425249604,0.23117706146926537,0.10932100510643862,-0.5433813159326601,0.754735035503501,0.04400000000000004,686.0999999999999,-0.0013257881972514188,6.147282783044515,1.9952041474261897
4.09594794520548,0.056613983967826596,-1.2086364665545468,0.03482087223964482,0.33299999999999996,299.8800000000001,0.0006654700172849312,5.473102426535975,0.2293806007509387,0.10924101111659837,-0.49173319851683184,0.7849877895934451,0.052000000000000046,822.6599999999999,-0.0011377988272440254,6.321025823372352,1.9972077944410722
4.0949089655172415,0.05588565656118455,-1.1807144957642348,0.06518624358061788,0.332,298.20000000000005,0.0006827802813054732,5.469103335773994,0.23280333839150225,0.10961976227033916,-0.570777631589813,0.7382221232789206,0.04300000000000004,678.1800000000001,-0.001329885971890744,6.139132575795363,1.9956922644470596
4.093768858131488,0.056143354566840185,-1.191141046007476,0.07982129998900524,0.33,296.82000000000005,0.0006932889628397091,5.458822428649745,0.23132564102564104,0.10947153045753238,-0.5399964168489637,0.7553643079581244,0.04600000000000004,721.3799999999999,-0.0012710566615620233,6.1981363446119015,1.9948409555588584
4.095413448275862,0.05662990064206438,-1.2091763407160743,0.036073457180659275,0.33099999999999996,297.84000000000015,0.0006719234398166838,5.465465886276773,0.22943089743589745,0.10898857223893609,-0.4922897440991618,0.7830406795966844,0.050999999999999934,803.04,-0.0011695906432748536,6.298713441111753,1.9932593819361462
4.094644718309859,0.05632846021195883,-1.198633499117968,0.0640454326859659,0.32499999999999996,291.72,0.0006979341150195392,5.4429013619125755,0.23019078404401647,0.10913067207569736,-0.5181972386619389,0.7679612723391477,0.04800000000000004,748.1999999999998,-0.0012382016890213616,6.230215577865455,1.992628815536957
4.094590459363958,0.056327621410026237,-1.1996346808939258,0.05789078124402263,0.32300000000000006,290.69999999999993,0.0006969443281707818,5.439172686458898,0.231044459833795,0.10900110169231128,-0.5243104325544214,0.7644284814509117,0.04800000000000004,743.1599999999999,-0.0012285287528005988,6.225335609933694,1.9920979474730895
4.094992226148411,0.056397124293825186,-1.198868113355137,0.056963963819820794,0.32299999999999995,290.70000000000005,0.0006973500697350046,5.440589070936193,0.2306056473829201,0.1091506302871129,-0.5204940618237153,0.766344850886644,0.04800000000000004,746.94,-0.001230425055928408,6.23108477480319,1.9916564244152022
4.094832624113475,0.056367882304778634,-1.2003308440212106,0.05359607262854124,0.32199999999999995,289.62,0.0006985191394244236,5.436212682481932,0.23022974079126876,0.1093291449058927,-0.5147722534484798,0.7699165855856205,0.04799999999999982,753.9000000000001,-0.001223286661753868,6.237271836118715,1.991293893033953
4.095704123711341,0.05669807402474338,-1.2094344011871487,0.03594462263110222,0.3320000000000001,298.98,0.0006688068485821272,5.4698677233269795,0.22920113493064315,0.1089950894284646,-0.48963688738611477,0.7846835624036824,0.052000000000000046,815.8200000000002,-0.0011449771689497669,6.313871317321108,1.9907685667032302
4.095089399293286,0.056588871541361066,-1.2043194995932756,0.04963541303378928,0.32300000000000006,290.70000000000016,0.0006940980881130506,5.440596108008874,0.23004973474801063,0.10918599263638767,-0.5031935384426371,0.7754004044984287,0.04899999999999993,775.7999999999995,-0.0012080938697318015,6.266041807784225,1.9906101134104521
4.094858657243817,0.0565091757860644,-1.2040109126603027,0.04798195441537366,0.32299999999999995,290.58000000000004,0.0006932889628397091,5.439918393984475,0.229515,0.10912056929571552,-0.4959324980217592,0.7784010220473224,0.050000000000000044,781.2599999999998,-0.0011942446043165522,6.271207640648314,1.9905393351077028
4.095350000000001,0.05645558362584885,-1.2048529580583658,0.04519934115386873,0.32399999999999995,291.6,0.0006884207627702089,5.444238477699311,0.22972444733420025,0.10895742681783918,-0.49831291769792374,0.7783229800776515,0.050999999999999934,790.7400000000002,-0.0011899692453276563,6.286030764926165,1.9905709267810192
4.095380633802817,0.05641940354861432,-1.2056454084702637,0.04321447932200742,0.32399999999999995,291.7800000000001,0.000687732342007433,5.444595818979374,0.2293796895213454,0.10874377786916987,-0.49399362243023814,0.7807869368874202,0.050999999999999934,794.8200000000002,-0.0011774461028192398,6.290737349634901,1.9907195834164388
4.095386896551724,0.05652835328267903,-1.2057182123064465,0.0373789828781827,0.33099999999999996,297.8399999999999,0.0006719234398166838,5.46623795810704,0.2291608917197452,0.1090425658100565,-0.48991975219086914,0.7847181477189801,0.052000000000000046,807.1799999999998,-0.0011570827489481078,6.30311639807794,1.99141172906453
4.095111578947368,0.05654418274915717,-1.206250427779311,0.045072890293845785,0.32600000000000007,292.9200000000001,0.0006872852233677012,5.447860557292316,0.22956444444444443,0.10881240469514968,-0.4998448263002997,0.7782580232109828,0.050000000000000044,787.56,-0.0011817528735632188,6.280959931923683,1.991893753330016
4.095307368421053,0.05647610500852944,-1.2051342223608943,0.04240741839909696,0.32499999999999996,292.74,0.000686355500481897,5.448757444808553,0.22995192052980132,0.10897086933608098,-0.49475961135908486,0.7788311014060839,0.050000000000000044,776.6999999999998,-0.0011981787682722287,6.2689021397301365,1.9923699130632373
4.095090526315789,0.056486400922670536,-1.2053110797855433,0.04515352917926801,0.32500000000000007,292.79999999999995,0.0006871646718943456,5.447700870797966,0.22973180026281206,0.10923394399607553,-0.4897579665652101,0.7827452303603643,0.050000000000000044,783.0000000000002,-0.001197066477407142,6.273831788722923,1.9927640485309723
4.095418055555555,0.056409518445198016,-1.2053660699119837,0.03840816258040385,0.32899999999999996,295.8599999999999,0.0006738599348534173,5.459015466331795,0.22959598965071154,0.10926483663405817,-0.4926604072257632,0.7823415522212964,0.050000000000000044,795.0,-0.0011801169590643344,6.288387033853119,1.9930255480158912
4.095282807017544,0.056460125527462254,-1.2054770937714938,0.04318135607368754,0.32499999999999996,292.79999999999995,0.0006860721167079576,5.447739591421488,0.2299466225165563,0.10910650655832042,-0.5095397886262187,0.7737685030552607,0.049000000000000155,776.22,-0.001193386053199137,6.26751777300454,1.9928842342393849
4.095257894736842,0.056520430547299265,-1.2046656153716309,0.04655140045843182,0.32500000000000007,292.67999999999995,0.0006878525244187616,5.447298465147961,0.22983751651254952,0.10902377883786897,-0.49827068107214956,0.7777687547806886,0.050000000000000044,779.1000000000001,-0.0011973180076628358,6.270268269086236,1.9926435406100116
4.095300350877193,0.05653608038979884,-1.2057398348207293,0.04554631355802807,0.32600000000000007,292.74,0.0006871646718943456,5.448440104280773,0.2293348344370861,0.10872221358562997,-0.4950590755161799,0.779603640479886,0.050000000000000044,776.9400000000003,-0.0012057253760310493,6.266973602715851,1.992370949067302
4.09521298245614,0.056593150722051275,-1.2044662869614267,0.044835392878293884,0.32600000000000007,292.91999999999996,0.0006878525244187627,5.447858425133457,0.22981198945981554,0.1090085183656727,-0.4969952988535473,0.7790309104014043,0.050000000000000044,780.54,-0.0011956001912960322,6.273133012786099,1.9921339415507875
4.095593402777777,0.056491480966199124,-1.2058009664912888,0.04038959945260512,0.32899999999999996,296.03999999999996,0.0006768292682926826,5.459399847947208,0.2297361508452536,0.10883313706323713,-0.500706503676899,0.7778012143341033,0.050000000000000044,791.5800000000004,-0.001185344827586201,6.287074486575805,1.9920187011575454
4.095110526315789,0.05653028899101084,-1.2061709725136838,0.043342927748305754,0.32499999999999996,292.6199999999999,0.0006873278236914617,5.447849651013835,0.22990701058201057,0.10925833394074717,-0.4998888550766414,0.7785056554767539,0.049000000000000155,777.7199999999998,-0.0011970664774071452,6.268009593532689,1.9921680009783325
4.095475789473684,0.056588594193510276,-1.2046387526653537,0.04547894795804286,0.32600000000000007,292.79999999999984,0.0006871584699453549,5.447776385012925,0.22975179760319578,0.10917341203289581,-0.5007446400940694,0.7770390909397938,0.04899999999999993,772.6799999999996,-0.0012109090909090915,6.2606340491968115,1.9924079502203473
4.094912323943662,0.05646788651326823,-1.2047384644775863,0.04647009300279648,0.32399999999999995,291.6600000000002,0.0006871709614851724,5.444049996229243,0.22976021361815752,0.10906159045774085,-0.5044231944561495,0.7753277994286811,0.049000000000000155,770.3999999999999,-0.0012008733624454145,6.258672126204063,1.9926985996415745
4.095362499999999,0.05649803508751431,-1.2067629065903347,0.039625691205620664,0.32899999999999996,295.74000000000024,0.0006765743756786059,5.459150086755555,0.2294377431906615,0.10902835821252059,-0.4982880693843357,0.7796295968252213,0.050000000000000044,793.2599999999998,-0.0011730587121212177,6.286301981420955,1.9932777714319474
4.095029225352112,0.0564846778248525,-1.2054683210991357,0.04380915909374635,0.32399999999999984,291.72,0.0006892282294676021,5.444326192085892,0.22935580474934036,0.10896700203395497,-0.4966835362655444,0.7793344340874181,0.050000000000000044,779.2200000000003,-0.0011981787682722254,6.269122725844519,1.9935198115870945
4.095302826855123,0.05646506652428497,-1.2036728000382957,0.045506152286077406,0.32300000000000006,290.69999999999993,0.0006920199501246879,5.440897567860671,0.2302724734042553,0.10899232502868661,-0.510472418775584,0.7711744462511474,0.04899999999999993,773.6399999999999,-0.0012062350119904067,6.265993845660487,1.993719587493457
4.095109219858156,0.05631053640961784,-1.2032727800094059,0.047506903322392185,0.32200000000000006,289.62,0.0006923506420993841,5.43733888735243,0.230003984063745,0.10903152904897151,-0.5023056545544571,0.7749678397824824,0.04899999999999993,774.6600000000005,-0.0012109090909090915,6.265679838996993,1.993870566179051
4.095167730496454,0.056554281222879886,-1.2043716656363,0.04949331075009995,0.32199999999999995,289.6199999999999,0.0006979341150195403,5.4361377586487185,0.230078600269179,0.10899287670887618,-0.5184629897661699,0.7672450630306101,0.04800000000000004,764.52,-0.0012093643862202807,6.252149099841342,1.9939662146718933
4.0952491289198605,0.05647293136178724,-1.205040821219505,0.04114188392896277,0.32699999999999996,294.8399999999999,0.0006803278688524575,5.455349260352653,0.22938483660130718,0.10909121364369519,-0.49563875262167656,0.7808039389681795,0.050000000000000044,787.1999999999998,-0.0011828720132481668,6.277818973107925,1.9939767885475064
4.095059430604983,0.05652941405194797,-1.2019558681547757,0.05133699363992133,0.32099999999999995,288.6,0.0007007258514796176,5.4334086033620625,0.23086049723756907,0.10905121465363105,-0.5267966076716921,0.7621996880038808,0.04700000000000015,745.3200000000002,-0.0012437810945273658,6.2301992404376945,1.9939470441230291
4.094770818505338,0.05652755007183348,-1.2002783278897564,0.05444783107347184,0.31999999999999995,288.4200000000001,0.0007031249999999989,5.432581934747412,0.2307998595505618,0.10919809806387101,-0.5310356435240529,0.7616572270126271,0.04699999999999993,732.9600000000003,-0.0012484252960443414,6.212029218016328,1.9939726298913039
4.094823487544484,0.056515242329791354,-1.2007460153114298,0.05583290308192542,0.32099999999999995,288.5400000000001,0.0007032348804500676,5.432574350975248,0.23098055944055945,0.10915868835984735,-0.5329255717362442,0.7592226593815881,0.04699999999999993,735.8399999999997,-0.0012443267776096835,6.2171377453765455,1.9941154090170667
4.094626428571428,0.05627566222332234,-1.1990907461148803,0.05934528979742356,0.32000000000000006,287.6399999999999,0.0007051826677994885,5.428699737008791,0.23122370990237098,0.10968431204203004,-0.5363738151704398,0.7585204224756183,0.04699999999999993,737.2799999999997,-0.0012392532547285708,6.217376605774247,1.9944372446650536
4.09540243902439,0.05650439433722843,-1.205207421656527,0.040118932002002124,0.32699999999999996,294.72000000000025,0.0006792888165038007,5.455820947257881,0.22994823529411762,0.1091984245985001,-0.5041158881620258,0.7758864818152382,0.050999999999999934,786.7199999999993,-0.0011774461028192422,6.279937405092454,1.9958382225261746
4.093939222614841,0.05641820291889034,-1.1959133203942582,0.07207382970803114,0.323,290.64,0.0007058906825261995,5.437405347237764,0.23123592644978783,0.10947050733698524,-0.5378595272997151,0.7571856940398242,0.04599999999999993,727.0799999999999,-0.0012597631645250673,6.204967526000695,1.996877197105974
4.093733333333333,0.05634316015193354,-1.1943194003217705,0.07825304645183667,0.325,292.62,0.0007035317292809941,5.443919825647034,0.2314663780663781,0.10963607151355291,-0.5456299218367766,0.7537393352169923,0.04600000000000004,712.6800000000001,-0.0012771392081736878,6.184854541544103,1.9980148929413268
4.094574912891987,0.05609805251586326,-1.1846859069399907,0.06864055534494654,0.32699999999999996,294.84,0.0006934053754502593,5.456532955830882,0.2319356927710843,0.10988712119141593,-0.5574237222484961,0.7483127306447209,0.04400000000000004,683.0400000000001,-0.001304461942257219,6.1405540427186915,1.9991492792341632
4.095397916666666,0.056592715187790625,-1.2067108052743372,0.04083336176085675,0.32899999999999996,295.6199999999999,0.0006783340116673433,5.458597297145986,0.2294176394293126,0.10914427225536272,-0.49908593542631996,0.7788337316081819,0.050999999999999934,792.8399999999997,-0.0011789772727272727,6.285048258081876,2.001536062088536
4.094501052631579,0.055858043435442886,-1.1845417567020997,0.06741143213452325,0.32499999999999996,292.79999999999995,0.000695142378559462,5.450134284779882,0.2326043076923077,0.10968447199502947,-0.5773181450099578,0.7328860617577727,0.04300000000000004,667.9199999999998,-0.0013311775801670704,6.124436532630307,2.0016948814536883
4.09421298245614,0.05633604691787511,-1.1934520467685656,0.07628301510881949,0.326,292.62000000000006,0.0007010194106968268,5.444785250627594,0.2324928358208955,0.10955292189140002,-0.5732024899597681,0.7348664988720556,0.04400000000000004,688.6800000000001,-0.0013063417190775654,6.155569787820404,2.001400380515228
4.095428919860628,0.05662337551692638,-1.2050687747238593,0.043374582026733055,0.32699999999999996,294.72,0.0006826818675352884,5.455138948224091,0.2305067750677507,0.10904399329822648,-0.5200121667854054,0.7659604736625086,0.04800000000000004,759.54,-0.0012150220913107511,6.247583578311682,2.0005314180085696
4.0946125,0.05628354828931554,-1.1973480284860292,0.06339623443390262,0.31999999999999995,287.5800000000001,0.0007076073098172528,5.428853463427154,0.23192028776978416,0.10953396676910858,-0.5435493111925607,0.752387178177237,0.04600000000000004,715.3799999999999,-0.001273917421953675,6.191047603838211,2.000020207155799
4.094714695340502,0.05628562431453589,-1.1985974497408158,0.0585541626658061,0.31900000000000006,286.38,0.0007064909297052115,5.425438054322203,0.23185642857142857,0.10950936151157795,-0.5521544445494229,0.7473300728570377,0.04600000000000004,719.7599999999998,-0.0012682803832576917,6.197305308457987,1.9994889136851217
4.094837634408602,0.05628850525457803,-1.1996516380961557,0.055962042959624335,0.31799999999999995,286.43999999999994,0.0007064909297052183,5.425914375515464,0.23207567954220318,0.10963046947678315,-0.5562723750129628,0.7482460886702884,0.04700000000000015,719.22,-0.0012635424540186427,6.196776126659237,1.9989600838399728
4.094705376344085,0.05635525061757949,-1.200175985818387,0.05412647478988728,0.31799999999999995,286.55999999999995,0.0007058906825261933,5.426089083925225,0.23158849431818182,0.10966665449942639,-0.5411344048130338,0.7552698007709155,0.04699999999999993,723.6599999999999,-0.0012475124378109404,6.201232489626784,1.9984562638637873
4.095255594405594,0.0565949516531175,-1.2057911341836984,0.0433569019322942,0.32600000000000007,293.76,0.0006847068470684705,5.4515194447901845,0.2296941018766756,0.10934975083697074,-0.5059436154403878,0.7757035011604374,0.04899999999999993,767.2199999999998,-0.0012028985507246354,6.252044040548842,1.9976067843957024
4.095009642857143,0.05646825290007418,-1.2014612895554035,0.04803685905363057,0.31900000000000006,287.58000000000004,0.0007011251758087229,5.429848360719571,0.2310881690140845,0.10960288780391396,-0.528304633001281,0.7613545178396758,0.04699999999999993,730.74,-0.0012503097893432464,6.207634969728348,1.9972638928126178
4.095031785714285,0.056408136669504616,-1.198096732611502,0.05073734914780335,0.31899999999999984,287.4,0.0007025316455696192,5.43060031644288,0.23129089635854344,0.10923194381762569,-0.5377133796242379,0.756454697244305,0.04699999999999993,733.9800000000002,-0.0012437810945273658,6.216891570589414,1.9969515469161256
4.095197508896797,0.05634595124365559,-1.2015904203831838,0.04847560485978765,0.32100000000000006,288.53999999999996,0.000696538246789504,5.433960953821507,0.23075546334716457,0.10932357548838856,-0.5275798614245031,0.7628752660237138,0.04799999999999982,744.06,-0.0012401671583087525,6.226256719854165,1.9966499683716052
4.095207829181495,0.056349890752460545,-1.2028419029671598,0.048865746604782226,0.32100000000000006,288.7199999999999,0.000696246686200643,5.434049606199045,0.2307335625859697,0.10921953411117463,-0.5225814581899573,0.7658666630095589,0.04800000000000004,748.3199999999999,-0.001238340697103584,6.232822199209247,1.9963393788444366
4.095315034965035,0.0565346235069157,-1.204622266191168,0.044073806598713676,0.32699999999999996,293.6400000000001,0.0006847068470684716,5.451894822770816,0.23053369127516776,0.10944234180761218,-0.5119417189803857,0.7715833614937041,0.04899999999999993,766.56,-0.0012009099616858306,6.254882604284397,1.9956186213092184
4.095151236749117,0.05664894770298571,-1.2043358563532043,0.04741919054941211,0.32299999999999995,290.76,0.0006936936936936898,5.4402124835885965,0.23070343406593408,0.10913197072769504,-0.5182688981338126,0.7670168051356868,0.04800000000000004,748.8599999999999,-0.0012322628827483178,6.234609893789841,1.9952083034651875
4.095218374558304,0.0565071378102479,-1.203007802399308,0.04705930317636689,0.32299999999999995,290.69999999999993,0.0006930006930006896,5.441247615602317,0.23050040871934604,0.10932335826326545,-0.5156530616585373,0.7683288422468225,0.049000000000000155,754.74,-0.0012327925270403163,6.240141069781704,1.9947886749665478
4.09531519434629,0.05648766038878737,-1.2026705129767288,0.04648189386687697,0.32299999999999995,290.5799999999999,0.0006932889628397091,5.440818579955908,0.23071188524590164,0.1092004635453639,-0.5211181678041785,0.7652485627181653,0.04800000000000004,753.4200000000001,-0.001223286661753868,6.2393009987303385,1.9943793643119387
4.095525524475524,0.056535836263980246,-1.2049755989693482,0.04231081041537951,0.32699999999999996,293.76,0.0006833401667349987,5.451762932191838,0.23026941489361702,0.1092566474956928,-0.5132278358907421,0.770104120960889,0.049000000000000155,773.8799999999997,-0.0012017733045770424,6.263654031835744,1.9936634888476668
4.095118021201413,0.056448253237906816,-1.2033956544091118,0.045834040558664524,0.32300000000000006,290.64,0.0006909216909216885,5.441183442028559,0.2298991902834008,0.10898812511621808,-0.5074017009159384,0.7731204489447322,0.04899999999999993,762.0,-0.001217145664455906,6.249068666942643,1.9933558509450542
4.095224822695036,0.05631877249733752,-1.2033057280388593,0.04642264263074981,0.32199999999999995,289.6199999999998,0.0006930006930006918,5.43781775208158,0.22972510067114096,0.10933234955193687,-0.5055174060239667,0.7757845010762104,0.049000000000000155,766.2,-0.0012130033964095055,6.250992979432369,1.9930563847005718
4.095164664310953,0.05652373986521249,-1.2040108061367725,0.045191942124318756,0.32299999999999995,290.69999999999993,0.0006916146916146926,5.440693816493895,0.2300238223418573,0.10922594649045435,-0.5098227113396065,0.7722892963480752,0.049000000000000155,763.9200000000003,-0.0012193939393939396,6.250685790329904,1.9927443885226284
4.095041696113074,0.056536058976677586,-1.2048639111943884,0.045464523375892886,0.32299999999999995,290.52,0.0006935774726036944,5.440514679921679,0.22992234185733512,0.10907165714255888,-0.5141670037138995,0.7704726133299773,0.04800000000000004,764.0999999999997,-0.0012084848484848487,6.250884959535556,1.992399160819634
4.095249477351917,0.056469333585720136,-1.204605600756114,0.03691885098050387,0.32599999999999985,293.5200000000002,0.0006848184818481814,5.455576400717451,0.2306093791281374,0.1093308568193398,-0.5186603247845962,0.7687629507314148,0.050000000000000044,775.7399999999998,-0.0011904761904761901,6.269880193325015,1.9915384393245623
4.095329122807017,0.05652216606894387,-1.20297623968014,0.04440914249958677,0.32300000000000006,291.0,0.0006918500069184978,5.447466054884732,0.2301503355704698,0.10913622275549514,-0.5082619473737351,0.7722116272396005,0.04899999999999993,763.6199999999999,-0.0012247382517652776,6.25481976123186,1.991054951463868
4.095313780918728,0.05630311630356386,-1.2042069618883602,0.04413271126040199,0.32199999999999995,289.44000000000017,0.0006934001670843749,5.441821156880857,0.22998686327077747,0.10939260106565214,-0.5100384807799236,0.7720217482152308,0.04800000000000004,764.2799999999997,-0.001221978557504871,6.252957149052252,1.990602243940893
4.095043309859155,0.05646369322339013,-1.2039626546708737,0.04544202510427648,0.32299999999999995,290.22,0.0006942701798410683,5.444660316147813,0.23061436241610736,0.10933759122151762,-0.5135017921725411,0.7696339267461532,0.049000000000000155,763.3200000000002,-0.0012144420131291,6.255994817310391,1.990233024278612
4.095340418118466,0.05649855078619414,-1.2041042590312823,0.04129991769930048,0.32600000000000007,293.52,0.0006823449216087271,5.455604006523073,0.2297366492146597,0.10893081317963446,-0.5070844880331653,0.7735708204569081,0.049000000000000155,782.7600000000002,-0.0011841155234657058,6.279001205371709,1.98993544539344
4.0951639575971726,0.05646559327513876,-1.2053886689819397,0.046586781815831764,0.32099999999999995,289.31999999999994,0.0006950828806240435,5.440280623172694,0.23076832214765097,0.10915101153292772,-0.5196603112456519,0.7659937184838864,0.049000000000000155,763.2599999999998,-0.0012143379663496713,6.257922083496194,1.9899899018089442
4.095503180212014,0.05651478955680099,-1.2040672871656546,0.046160924761730185,0.32099999999999995,288.84000000000003,0.0006954835134386228,5.44106292892389,0.23048512064343163,0.10915387081175452,-0.5219063433293911,0.7655722795521628,0.04899999999999993,764.6400000000001,-0.0012070226773957544,6.257274614094146,1.9900934773619325
4.095229078014185,0.05652322630490847,-1.2031605220869939,0.045737852353462914,0.32099999999999995,288.7199999999999,0.0006976905954368387,5.437531320506659,0.23058384925975775,0.10910035156171494,-0.5221196641285082,0.7652278495979645,0.04899999999999993,761.2800000000002,-0.0012061403508771943,6.250178955120455,1.9901762801678249
4.095098932384341,0.056560891185266735,-1.2036633725676702,0.04964833054194496,0.31899999999999995,287.3399999999999,0.0007035634118967443,5.433244990097993,0.23107544338335606,0.10945493081592704,-0.5339925645579933,0.7601475977003619,0.04800000000000004,750.8999999999999,-0.0012240356083086075,6.240750143501833,1.9901684183420405
4.0953334494773515,0.05654542618634929,-1.206991471896714,0.04295352459014226,0.32600000000000007,293.22,0.0006851851851851835,5.455352588951122,0.23023569553805773,0.1092277497903063,-0.512661019726937,0.7717714268082998,0.050000000000000044,780.0600000000004,-0.0011921793037672783,6.277478032373159,1.9896349116942984
4.0950364285714285,0.056488027442881714,-1.1999836461294933,0.05225491454968958,0.31799999999999995,286.43999999999994,0.0007065140596297843,5.430111652255141,0.23097233748271093,0.10951533467688872,-0.5445527220087873,0.7548725025653044,0.04699999999999993,740.0400000000002,-0.0012225511966444612,6.225244392673772,1.98917215372624
4.094915,0.056405667046849135,-1.200972575861259,0.0530018626124102,0.31799999999999995,286.0799999999999,0.0007059988681380879,5.430307451308634,0.2313636111111111,0.10943272925137305,-0.5344091302331901,0.7589094764681964,0.04800000000000004,737.6400000000003,-0.001245679012345676,6.22448799101896,1.9887445048343015
4.094863928571429,0.056481327688214525,-1.200522530653982,0.05593425220686661,0.31899999999999995,286.68000000000006,0.0007077335591306789,5.429517861825229,0.23136392757660168,0.10944543504915048,-0.5442162169683518,0.7542968939423134,0.04700000000000015,734.7,-0.001238271604938275,6.2211656115343015,1.9884847437569628
4.094430714285714,0.05634262012319746,-1.1989616488878734,0.05849604290147727,0.31800000000000006,286.31999999999994,0.0007063593683311961,5.42858328054453,0.23145538461538462,0.10925144569793954,-0.5457512325103551,0.7506552862980312,0.04700000000000015,732.0600000000004,-0.001249375312343829,6.218275025640554,1.9885256492327026
4.095236363636364,0.05641409713899202,-1.204948043230763,0.042009255891957975,0.32499999999999996,292.6200000000001,0.0006851851851851845,5.451293758232268,0.23017262059973922,0.10911875559558167,-0.5054235769273965,0.7745647005348248,0.050000000000000044,785.4000000000001,-0.0011823361823361793,6.2844923801965695,1.9899786115330675
4.0938631205673754,0.056337630132846934,-1.1974256073458704,0.07077377883958136,0.321,288.54,0.0007074800910125137,5.4341344883974445,0.23201654978962136,0.10950798253747734,-0.5570889282817246,0.7452313112918378,0.04699999999999993,730.2,-0.001243762475049899,6.2165467000690295,1.9912844462490589
4.093710563380282,0.056286145454322395,-1.195448002311395,0.07495275168128233,0.323,290.22,0.0007090986757795792,5.441132006572236,0.23176963276836157,0.10962675271649971,-0.5515937846014323,0.749088189322504,0.04600000000000004,724.9200000000001,-0.0012437437437437424,6.207649485041699,1.9926785033008605
4.094752097902098,0.05604338522133844,-1.1872783883089675,0.06635109363683661,0.32500000000000007,292.55999999999995,0.0006974637681159384,5.453299294440912,0.2315555228276878,0.10945563587600778,-0.5497443872961236,0.7515044108766499,0.04400000000000004,695.1,-0.0013132911392405061,6.16615515107899,1.99392178184136
4.095287108013937,0.05655072781472482,-1.204657322013859,0.04286683279526057,0.32600000000000007,293.6399999999999,0.0006826896740619045,5.454968013555895,0.2301193758127438,0.10896168927017005,-0.515695627841164,0.7700586415834584,0.050000000000000044,788.2200000000003,-0.0011685419596811982,6.2875162498170045,1.9944321236549112
4.094720000000001,0.05602428032527425,-1.184263453471992,0.06386181548774333,0.32500000000000007,292.74000000000007,0.0006950796950796939,5.451115082206739,0.23281878787878785,0.10980334340434805,-0.57102971461511,0.7387885592914725,0.04400000000000004,678.7199999999999,-0.0013241469816272977,6.14138345328611,1.9896429436924128
4.09399964664311,0.05629083268524373,-1.1934094587005433,0.07979611477928897,0.323,290.88,0.0007078206760005617,5.437235485000812,0.23227742857142858,0.10940763308035184,-0.5526973314274946,0.7465556861811925,0.04700000000000004,720.1799999999998,-0.0012481089258698955,6.200551243033916,1.9877250785253735
4.095720979020979,0.056556736601271244,-1.2072384435858565,0.041072738551038795,0.32699999999999996,293.76,0.0006830601092896147,5.452085955417437,0.2298037323037323,0.10910841773230305,-0.4987374903930033,0.7785321520814787,0.051000000000000156,798.9599999999996,-0.0011684210526315794,6.295646285160542,1.9846308568102509
4.094344128113878,0.05651459336024615,-1.1983384869890157,0.06369967911779563,0.32099999999999995,288.53999999999996,0.000707607309817254,5.431056589510787,0.23182482758620687,0.10945951802853528,-0.5444586955709294,0.7518504595887704,0.04800000000000004,746.04,-0.00122509225092251,6.233283559211323,1.983584938270474
4.094641428571429,0.05651671369188595,-1.1995669354027183,0.05879284324540975,0.31900000000000006,287.58000000000004,0.0007080147267063129,5.428755537993187,0.23107261580381472,0.10916366646333789,-0.5308598811666014,0.7605402760202898,0.04899999999999993,755.28,-0.0012241887905604738,6.244275027420319,1.9827805688501148
4.094854285714286,0.05657772324287129,-1.1999267757122647,0.05692026048087372,0.31899999999999995,287.52,0.0007053445850914197,5.429218019891036,0.2308830163043478,0.1091402908861171,-0.5312171052963546,0.7601331405250251,0.049000000000000155,757.3799999999999,-0.0012130033964095122,6.245791338708256,1.9821360730186193
4.094597132616488,0.056346114148109035,-1.2013517300004803,0.05470890374409903,0.31799999999999995,286.43999999999994,0.0007044746530727839,5.4256763460985615,0.23166716417910446,0.10922094734857098,-0.5315980092020034,0.7580515862577806,0.04899999999999993,757.9799999999998,-0.0012081513828238713,6.250884511177514,1.9815697752454322
4.095458885017422,0.05665779651007458,-1.2070198141770476,0.040762925216632974,0.32799999999999985,294.8399999999999,0.0006810473477140113,5.455387223956037,0.22959062103929023,0.10904491017106241,-0.49919971201607716,0.7790147403635217,0.052000000000000046,811.1399999999999,-0.0011434511434511448,6.310272967208682,1.9803592639189005
4.094966071428573,0.0565874786654184,-1.2026551311704075,0.05162079772915947,0.31899999999999995,287.6399999999999,0.0007033445756042682,5.429388831255101,0.23071522029372496,0.10916683907513494,-0.5211617065789134,0.7652659184746726,0.04899999999999993,770.8199999999999,-0.0012053678408818626,6.262647244387313,1.9796368523072467
4.095050537634409,0.056298534057175345,-1.2026886191619022,0.049283890242636345,0.31799999999999995,286.5,0.0007022353437368191,5.426539534163594,0.23047400530503978,0.10925018006470165,-0.5201174641446409,0.7675696172141081,0.050000000000000044,775.6200000000001,-0.001193386053199137,6.267510091287683,1.978836242637284
4.095010676156583,0.05641426991845672,-1.204689637220875,0.04747245791668905,0.32099999999999995,288.6,0.0006975282781734385,5.432856792889954,0.2303967234600262,0.1092585880319114,-0.5120719974698988,0.7710090870040283,0.04999999999999982,784.5600000000002,-0.0011833688699360335,6.279318774431527,1.977960912381258
4.094981560283688,0.05651880387881326,-1.2047589729787584,0.04614178553393336,0.32199999999999995,289.4999999999999,0.0006957250628667205,5.4368725121522905,0.23009519480519483,0.1091072741050036,-0.5108859721593402,0.7700979721359997,0.050999999999999934,792.3599999999999,-0.001179289387564283,6.287305961438974,1.977014339011415
4.0957565972222225,0.05664863706636426,-1.207098615858742,0.03814434875678556,0.32899999999999996,295.68000000000006,0.000676914778856523,5.458706378780623,0.22943698630136986,0.10913506850443652,-0.49584004343757737,0.782041826046038,0.052999999999999936,826.5,-0.001124661246612467,6.326664837097579,1.9749211045644757
4.095394699646643,0.05649489429538647,-1.2067651598158529,0.04349159857390403,0.32299999999999995,290.70000000000005,0.0006885403769431855,5.441094310923751,0.22998565941101154,0.10915329093118571,-0.5041637245168333,0.7745419375037385,0.052000000000000046,804.06,-0.001165396165396167,6.301183303409767,1.973779788903169
4.095308127208481,0.05638677862058121,-1.2073108575135045,0.04314517782381225,0.32300000000000006,290.70000000000005,0.000689941812136323,5.441065075313234,0.23062209450830146,0.1089580050082744,-0.5051629310795596,0.7720357353755126,0.051000000000000156,805.3199999999999,-0.001164589104339796,6.308639810706202,1.9725779209596246
4.095107746478874,0.05659725902130295,-1.207184292896397,0.04318571846459535,0.32399999999999995,291.60000000000014,0.0006878525244187616,5.443748002921381,0.23069554140127388,0.10884129048827355,-0.5013368380265213,0.7743909910827687,0.052000000000000046,807.8399999999997,-0.0011584661584661594,6.3111684951106595,1.971317368677387
4.0956979238754325,0.05665725700010733,-1.2078915191091624,0.037577343187567405,0.33000000000000007,296.8800000000001,0.0006740740740740701,5.462875715909634,0.22899612121212123,0.10902707468907911,-0.49096168737056356,0.7837022961933674,0.05400000000000005,848.6399999999999,-0.001103678929765889,6.351626424561294,1.9686322789428783
4.0951740350877195,0.05657412488519008,-1.2071581813403325,0.040745252162091315,0.32600000000000007,292.67999999999984,0.0006856670797191227,5.447629883462318,0.2298887076537014,0.1089248599592876,-0.5086042752980107,0.7701201694952228,0.052000000000000046,820.2599999999998,-0.001132053918208819,6.3218516520916435,1.9672390538089186
4.095501754385964,0.05656792498645332,-1.207875283074266,0.04205097667214561,0.32599999999999996,292.6800000000002,0.0006853901872352044,5.447952151263486,0.22893737745098033,0.10886468693409948,-0.4756356620213662,0.7883486192914427,0.05300000000000016,839.28,-0.0011401129943502794,6.341766881783208,1.9658497689728847
4.09557649122807,0.05665168344198896,-1.210043139183122,0.040141281034216575,0.32599999999999996,292.74,0.000684706847068471,5.447513603540629,0.2289626213592233,0.10865052100421654,-0.4818369005198675,0.784647110601168,0.05400000000000005,847.7999999999997,-0.0011137440758293854,6.3529970916460075,1.9644938688095432
4.09537456445993,0.05680829441820777,-1.2095155414374212,0.04054865757119966,0.32799999999999996,294.72000000000014,0.0006816021724371994,5.453652097483559,0.22895804111245466,0.10878632392589187,-0.48171480918184395,0.7858625644604981,0.05400000000000005,851.0400000000002,-0.0011022927689594351,6.355710964974659,1.9632007976936596
4.095748630136986,0.05674665669507484,-1.2099139648271577,0.03387325791645923,0.33299999999999996,300.05999999999995,0.0006658692185007978,5.4729589446886475,0.22905689455388184,0.10896530237750818,-0.4943084963840292,0.7840310685928366,0.05600000000000005,888.7199999999998,-0.0010511182108626188,6.39794821859228,1.9609176347754749
4.095544947735191,0.05673339663099639,-1.2112428743487504,0.036716226827700815,0.32700000000000007,294.72,0.0006799674267100986,5.454987215720724,0.22980166270783847,0.1086290209912201,-0.4838558709960812,0.7852415733385057,0.05600000000000005,866.8800000000003,-0.0010856769130150427,6.380709423864825,1.9599667197555752
4.095688153310105,0.056808668417690694,-1.2110560588191865,0.03716881175210876,0.32799999999999996,294.78,0.0006792888165037961,5.455124488388783,0.22922609727164886,0.10872001382778676,-0.48741812837980136,0.7844439882801448,0.05499999999999994,867.06,-0.0010827886710239655,6.377326916824093,1.9591569873479389
4.095817421602788,0.05663739831706068,-1.21094046862971,0.03483570189016755,0.32699999999999996,294.84000000000015,0.0006776556776556765,5.455563456921671,0.22899988095238097,0.10870946880161216,-0.482671283828803,0.7858705455319016,0.05499999999999994,863.8799999999999,-0.0010912698412698441,6.37242629558331,1.9584981699602015
4.096060068259385,0.05657420337368752,-1.2116433008865077,0.02813922380679463,0.3340000000000001,300.8399999999999,0.0006592680671158686,5.4770650971238375,0.22917585034013604,0.10898836410261624,-0.49610313015257557,0.7839959833657562,0.05800000000000005,908.04,-0.0010220709570957088,6.420295431098555,1.957658646953468
4.095684615384616,0.05658120200787774,-1.2117645250853393,0.037812158303143314,0.32699999999999996,293.76,0.0006790123456790141,5.451594766416868,0.22881766784452295,0.10875670578939296,-0.4761321845113313,0.7901164458127558,0.05600000000000005,873.24,-0.0010856769130150427,6.3821604465560045,1.9574160286207263
4.095482926829269,0.05679258203332603,-1.2110405489565501,0.03990387110661987,0.32699999999999996,294.77999999999986,0.0006803690137023461,5.454362471390386,0.22887340425531916,0.10878965623848022,-0.4714274601907933,0.7918740745176245,0.05599999999999983,871.1399999999999,-0.0010849673202614387,6.3787914764470806,1.9572004998803918
4.095091228070175,0.056626618502725795,-1.2121452956888117,0.043278617696614875,0.32499999999999996,292.67999999999984,0.0006860721167079519,5.4470811459692685,0.22842047058823528,0.10833473216249591,-0.46702188527251165,0.7927825584437548,0.05499999999999994,874.1399999999999,-0.0010897860136774753,6.383947226193998,1.956940415611081
4.095000352112676,0.05671090295490385,-1.208642334581018,0.04693401945868177,0.32400000000000007,291.6,0.000692595673876871,5.4424647798136405,0.2290791616766467,0.10860001939443135,-0.4778995613614243,0.785953671015608,0.05499999999999994,859.0199999999998,-0.0011096256684491983,6.367546932615319,1.9565641306914112
4.096240136054423,0.056684048146433616,-1.2134910307361666,0.02614073113985595,0.33599999999999985,302.0400000000002,0.0006569630212431152,5.48089276080029,0.22913734671125974,0.1093048201132204,-0.48572805816866493,0.7861605245976081,0.05900000000000016,922.6799999999998,-0.00101980998585001,6.434227384946572,1.9552149972680217
4.09488085106383,0.056493882069941215,-1.2069544629408222,0.04943150919275278,0.32200000000000006,289.62,0.0006927584763499336,5.436338145075933,0.2287621359223301,0.10866152063316444,-0.4833780576318367,0.7850966957557857,0.05400000000000005,848.0999999999997,-0.0011129905277401915,6.351676293795768,1.9543305716368826
4.09495780141844,0.05657243921605451,-1.2058713028842487,0.0520986129121304,0.32199999999999995,289.79999999999995,0.0006973500697350051,5.4362184576896695,0.22960306748466258,0.10878323785039819,-0.4907556667269599,0.7812882032688256,0.053999999999999826,838.6200000000001,-0.0011148272017837255,6.34490573653884,1.953506791100547
4.094531914893617,0.056540713780185846,-1.2051291001491604,0.05563321649645664,0.32200000000000006,289.62,0.0007004219409282681,5.435000964822946,0.22912817073170735,0.10876722997376541,-0.48769765876941307,0.7811577794479568,0.05300000000000016,843.4799999999996,-0.0011171293161814535,6.347776486904765,1.952903723652979
4.094559574468085,0.05646771496936523,-1.2042737642000112,0.05877380713290145,0.32199999999999995,289.62000000000006,0.000701125175808716,5.4343690297860405,0.2291309090909091,0.10860975937965651,-0.48219418554037574,0.7833981360315754,0.05400000000000005,848.6399999999999,-0.0011222668451584105,6.355372521434572,1.9526814372881418
4.095981355932203,0.05680223937629085,-1.2148972886384628,0.027031795845594363,0.33699999999999997,303.0600000000002,0.0006564465408805031,5.483547974480801,0.22917731277533038,0.10937801924161615,-0.4820836804896875,0.7897026029072206,0.05900000000000016,934.3800000000001,-0.000999399759903957,6.446872749082355,1.9539489565670374
4.09383951048951,0.05633110729172139,-1.199558336588489,0.07174976765694568,0.32699999999999996,293.8200000000001,0.0006951423785594612,5.447781150397703,0.22905109756097558,0.10868646049033573,-0.4813958468589279,0.7850006650364421,0.05399999999999994,843.72,-0.0011171293161814507,6.348274247938231,1.9553357589058167
4.093811379310345,0.05632185502333811,-1.192972774112189,0.08018166920051763,0.33099999999999996,297.9,0.0006920199501246877,5.462046594112948,0.22946491228070176,0.10873951525261301,-0.49737075838418177,0.7785726433322065,0.052000000000000046,821.22,-0.0011453999075358298,6.323012750031946,1.9568973357174198
4.095868292682927,0.05542491676878938,-1.1704262257318534,0.042668395196570535,0.328,294.65999999999997,0.0006784841075794615,5.466532915625669,0.23030235294117646,0.10950967388410135,-0.5141616613743962,0.771592740289103,0.051000000000000045,787.4399999999999,-0.0011801169590643296,6.27738890595316,1.95837061570293
4.0963462837837845,0.05686089521902249,-1.2160510252605299,0.023131865433972033,0.33799999999999986,304.08000000000015,0.0006516927083333299,5.487543308215134,0.22895253303964758,0.1089858469177786,-0.481052840619959,0.7901397866162234,0.06000000000000005,934.4999999999995,-0.0010006064281382653,6.448556216001232,1.959706769056421
4.09645034965035,0.05542414822233582,-1.1685207984052424,0.04001585550096983,0.327,293.82000000000005,0.0006783340116673423,5.464213290549847,0.2317621983914209,0.10929411087938391,-0.5418712810260335,0.7511194596583414,0.049000000000000044,766.7400000000001,-0.0011942446043165507,6.262232718411463,1.9555397394612268
4.093715916955017,0.056145506920345666,-1.1915123363212061,0.07765413674041803,0.32899999999999996,296.70000000000005,0.0006935774726036872,5.4583109781199255,0.22986847414880202,0.10907469132356643,-0.5048343545726905,0.7728804288933878,0.052000000000000046,815.3399999999999,-0.001141552511415529,6.315693242521258,1.953714193198882
4.096401694915254,0.05675967084484719,-1.2167919743830935,0.019535208496348412,0.33699999999999997,302.8799999999999,0.0006522022413343777,5.485119408226704,0.22918850828729284,0.10897364910579185,-0.4830627965293335,0.7879072408921335,0.05900000000000016,931.56,-0.0010085054678007318,6.446599732921213,1.9505573005406107
4.094274295774649,0.05638949127822258,-1.2017288692416759,0.06455789263100668,0.32400000000000007,291.59999999999997,0.0006985191394244179,5.441014016579917,0.22876137184115525,0.10844272146525989,-0.47415251745882214,0.7887824721238054,0.05400000000000005,854.6400000000001,-0.0011155734047300304,6.362095231744597,1.9493957071718173
4.094728014184397,0.056459999293039444,-1.2045356595218248,0.05826248252273189,0.32199999999999995,289.68000000000006,0.000698632049134564,5.43481039481912,0.22874131736526945,0.10833180691137627,-0.47236298918936326,0.7886270209152135,0.05500000000000016,858.6000000000001,-0.0011129716454565761,6.367683187036776,1.9484872001634885
4.09484609929078,0.05655856817247623,-1.2065507333598835,0.05581316257176134,0.32200000000000006,289.79999999999995,0.0006990372540812064,5.4349699490881305,0.22902273809523813,0.10837206554330264,-0.47243113911732415,0.7889077184879871,0.05500000000000016,864.72,-0.0010997132142069289,6.375178308468192,1.9478037597854958
4.094919572953736,0.05644541665839078,-1.207257857055037,0.053854069939357534,0.32099999999999995,288.72,0.0006990372540812058,5.432198870786434,0.22883353010625737,0.10861880175250471,-0.46919059701531163,0.7895782052602331,0.05600000000000005,871.5,-0.0011011904761904735,6.380072851048659,1.9473173663077092
4.096018581081081,0.056795683119050894,-1.216733376617839,0.023895000411278906,0.3380000000000001,304.0799999999999,0.0006516927083333357,5.486990782114727,0.22868846572361262,0.10899050501085339,-0.4785567963342281,0.7915261797331831,0.06000000000000005,945.6599999999999,-0.0009898020395920821,6.45906078030109,1.9468186584107643
4.094847079037801,0.05669710699532916,-1.2082634922939484,0.05015177960967557,0.32400000000000007,291.36,0.000691915011037533,5.4663745939607855,0.22840955631399315,0.10827028980215128,-0.465674656208134,0.7928954172406733,0.05599999999999983,881.8800000000001,-0.0010802267277087417,6.418073955392099,1.9467204082025102
4.0952231034482764,0.05651858208946054,-1.2103985236753112,0.04180450185966106,0.32300000000000006,290.52,0.0006886766334440752,5.464357623640547,0.22865706150341686,0.10839748960698511,-0.4736429764939567,0.7900676385182335,0.05599999999999983,880.6799999999998,-0.001078304131516331,6.41721922030005,1.9466473333162722
4.095362798634812,0.05669320659548996,-1.2125638839733326,0.04235668851350989,0.32599999999999996,293.27999999999975,0.0006839364035087734,5.474982742054475,0.228453490990991,0.10844214990122784,-0.46702220899236613,0.7935962097001714,0.05699999999999994,891.4200000000001,-0.0010721247563352865,6.427342876487243,1.9465415176930847
4.095561904761904,0.05672893337694766,-1.2123409169773673,0.03572913194337211,0.32700000000000007,294.29999999999995,0.0006815695925622119,5.478637441945418,0.22885912162162161,0.10871748600681891,-0.47028716815594196,0.7902720684293424,0.05600000000000005,892.0799999999999,-0.0010700514138817497,6.427257268293626,1.9463450452739823
4.0961528052805285,0.05669791805059788,-1.2150953683508499,0.0219536542056954,0.3370000000000002,303.4200000000001,0.0006522593320235734,5.511225225449881,0.2287916488222698,0.10894885857432171,-0.4830352221243772,0.7889136760034522,0.06000000000000005,937.6799999999994,-0.0009973832528180383,6.473616168427709,1.945472312862227
4.095786195286196,0.05687350289295884,-1.2165723908073045,0.03345961243119376,0.33099999999999996,297.4200000000001,0.0006725854183481276,5.4892061796774065,0.2283450828729282,0.10865935325781899,-0.45636917667880317,0.7997621837047223,0.05699999999999994,909.5999999999999,-0.0010551330798479084,6.444767190866447,1.9448233030519746
4.095810472972973,0.056613729638313695,-1.214553981105299,0.03376582960973772,0.32999999999999996,296.76,0.0006713709677419349,5.486091201420944,0.22802687224669602,0.10859067621440498,-0.45561140973475434,0.8002261315440672,0.05800000000000005,910.0199999999998,-0.0010475591870940707,6.446480586384669,1.9441381368106085
4.095740067340067,0.05685785552301104,-1.2167395735354223,0.033683755980432224,0.33099999999999996,298.02,0.0006705598066854608,5.4891183499013465,0.22838195819581958,0.10840308789638974,-0.4608120509807332,0.7959314828419067,0.05800000000000005,912.54,-0.0010480668756530846,6.450667774676081,1.9435019803794948
4.096385761589404,0.05662566020183917,-1.2136432100920855,0.017448973400866822,0.33699999999999997,303.17999999999984,0.0006530291109362687,5.508347968929035,0.22913991416309012,0.10909675852271829,-0.4754113167444727,0.7916788138181517,0.05899999999999994,936.5999999999999,-0.0010057814992025552,6.475072592513347,1.9426915511527332
4.09594074074074,0.05689832674150697,-1.2169674106135366,0.03285319359850958,0.33099999999999996,297.41999999999996,0.0006712127289744595,5.489225270095848,0.2283508287292818,0.10840564541515697,-0.4610897476435514,0.794520342346732,0.05700000000000016,907.6800000000001,-0.0010663707461424636,6.445794777793615,1.9425327462752755
4.0956915824915825,0.056848855339294006,-1.2127816146286894,0.03600163443287402,0.33100000000000007,297.5400000000001,0.0006716317767042367,5.488991760730405,0.22835177777777776,0.10854725006576402,-0.45630522268790497,0.7990744281619997,0.05700000000000016,902.4000000000001,-0.0010602205258693814,6.439865724563353,1.9424538870444499
4.0958185810810805,0.05679847399346808,-1.217645005561246,0.02871685122133083,0.32999999999999996,296.88,0.0006705676620930819,5.486333163263069,0.228428587075575,0.10862859472725249,-0.45345957032099715,0.7985178074742685,0.05900000000000016,916.5600000000004,-0.0010465116279069742,6.4537101197321896,1.9423852751370791
4.095690540540541,0.05691101498598356,-1.2168050926101062,0.03418466705509641,0.32999999999999996,296.64,0.0006737874512965196,5.484983593175527,0.22840067340067338,0.10843856779281154,-0.46758079831643506,0.7923272555168465,0.05700000000000016,893.94,-0.001072124756335284,6.430024778511875,1.942257212229988
4.096551485148515,0.056768192787121426,-1.2166147948215584,0.019823316710850646,0.3380000000000001,303.60000000000014,0.0006509298998569338,5.511023648289269,0.22829045064377684,0.10893325093782319,-0.48118033039476904,0.7914577140782977,0.05899999999999994,936.1799999999994,-0.0010095470241722568,6.470931803341124,1.9415732420623752
4.095768791946308,0.05677349023833766,-1.2176249600951936,0.03113079043995321,0.33100000000000007,298.31999999999994,0.0006669339748730294,5.492630450622994,0.228348306010929,0.1086617414731235,-0.45758967381357696,0.7986188053453489,0.05800000000000005,918.9600000000003,-0.001048420615128845,6.455281785172022,1.9410537497861189
4.095596969696969,0.05674655946415855,-1.2148465599123883,0.03175294629075106,0.33099999999999996,297.6,0.0006697568184871659,5.488610284797445,0.22805718954248363,0.10857183624117751,-0.46150299778433945,0.7973151468749246,0.05800000000000005,921.8399999999999,-0.0010458126036484217,6.457411717664672,1.9405476364786758
4.0960086956521735,0.056802046614857715,-1.2165454112552363,0.03276656974637853,0.33299999999999996,299.3399999999999,0.0006666666666666644,5.496088598970429,0.228088152173913,0.10841841794067765,-0.46389972999296614,0.7962908655221208,0.05800000000000005,923.1599999999999,-0.001029075804776742,6.460893299109511,1.9401610154474884
4.096356856187291,0.0569887401143019,-1.2210690898251846,0.018964733613280164,0.3360000000000001,302.39999999999986,0.0006534795665230474,5.496852367638464,0.22951479099678454,0.10887339223544669,-0.48948445062217383,0.7816173910212436,0.06000000000000005,936.4200000000001,-0.000995775497887744,6.47888009036075,1.9401303609909244
4.095564527027027,0.05693243736307643,-1.2157251874197603,0.03885798535407758,0.32900000000000007,296.10000000000014,0.0006769564040075794,5.484459878991964,0.22818523489932888,0.10849242318878473,-0.4574530702774853,0.7987485560133655,0.05600000000000005,897.2999999999997,-0.0010608953957139831,6.432494392693737,1.9404564994640583
4.095427645051195,0.05666791129823585,-1.2159430999971923,0.0398139317840913,0.32600000000000007,293.15999999999997,0.0006822213125938034,5.474429040525426,0.22841369710467704,0.10837211917973813,-0.458090936480708,0.7964094639392127,0.05699999999999994,899.9999999999995,-0.001068898905344494,6.43888557379888,1.9408424740104662
4.09542662116041,0.0567490696155921,-1.2138730949589427,0.04090717736356805,0.32599999999999996,293.64,0.0006837082481254247,5.474849639758655,0.22830835189309576,0.10837988079221814,-0.46933354300779184,0.7913608473306316,0.05699999999999994,900.9000000000001,-0.0010562326277528335,6.437660128099857,1.941152343221215
4.095011034482759,0.05655452677664135,-1.2097703008305805,0.04957190550196957,0.32300000000000006,290.70000000000005,0.000690634524799109,5.463484596697098,0.22825471910112358,0.10818782016838248,-0.45776218558683723,0.7961363215700026,0.05699999999999994,893.6400000000001,-0.0010732077106346092,6.430365595094209,1.9412501656873709
4.096647039473685,0.05684716344053838,-1.2167439664011936,0.019115478219291892,0.33899999999999997,304.6200000000001,0.0006484354797000255,5.514583367997149,0.2291325051759834,0.10882306017483238,-0.48468501227060967,0.7853559599573321,0.062000000000000055,969.1799999999998,-0.0009603035610040889,6.5120094293363415,1.9403280411587263
4.09543551724138,0.05664940466474818,-1.2087041583145997,0.046565320008320636,0.32200000000000006,290.4,0.0006945021465171019,5.464074972199976,0.22840100783874576,0.1083340809241937,-0.4595555659907542,0.7960814772302802,0.05699999999999994,895.4999999999998,-0.0010711225364181678,6.433583400337605,1.939409029797408
4.094725862068965,0.05659212251853952,-1.2067848101500425,0.051906993399931954,0.32299999999999995,290.1600000000001,0.0006976419701409216,5.463322278220874,0.22816851015801354,0.10825872035125801,-0.45332841859810324,0.7986844189627074,0.05699999999999994,890.4600000000003,-0.0010823503713411947,6.425133173997936,1.9384798429584604
4.094540138408304,0.05669120918270098,-1.2115133912304175,0.058539838021802855,0.32200000000000006,290.1600000000001,0.0006985191394244179,5.458063649451063,0.22847861990950227,0.10839075158571912,-0.46127335251652424,0.7945187047741913,0.05600000000000005,887.52,-0.0010736660185785274,6.423063478483879,1.9377773576842996
4.094463103448276,0.056516597965031674,-1.20662706031623,0.0632224825930501,0.32299999999999995,290.34000000000003,0.0006995798319327719,5.461824093234934,0.22764597048808172,0.10828436691540139,-0.449686074996797,0.8020970382132934,0.05600000000000005,883.6800000000001,-0.0010941644562334218,6.416285696131137,1.9375384510173403
4.096298671096346,0.0568265279948397,-1.2195786200860101,0.02419096966540497,0.33499999999999996,301.9200000000001,0.0006558127370210527,5.503499348885063,0.22880096774193548,0.10889670902108389,-0.48336312740556897,0.7858432097710364,0.05899999999999994,934.44,-0.0010107789302420205,6.471331788394863,1.939302844744539
4.093981228668943,0.05649892827995845,-1.2009999434325234,0.07296534427044189,0.32599999999999996,293.58000000000004,0.0006991733221241426,5.471900189027587,0.2294205673758865,0.10881483080004374,-0.4882223578885223,0.7812191433907423,0.05499999999999994,848.9400000000003,-0.0011125857111258565,6.380539755875346,1.9412036776426054
4.093862837837838,0.05623402990159698,-1.1927323646511843,0.07744151277887426,0.32899999999999996,296.09999999999997,0.0006955490442305034,5.483384896100996,0.23055625759416765,0.10875547714743701,-0.5109191979450483,0.7693678028125354,0.05300000000000005,827.0399999999997,-0.0011291779584462521,6.359492756412984,1.9433631541556913
4.096331141868512,0.055460360223637026,-1.1667471358174593,0.040906161256928975,0.325,292.56,0.0006806460369163943,5.474253369793418,0.22994507575757572,0.10902503419771278,-0.5023942505368337,0.7754815145486829,0.052000000000000046,801.7799999999999,-0.001169837914023961,6.315965712114493,1.9454419297452905
4.09618389261745,0.05674010757538552,-1.218269645534677,0.022454304978982702,0.3350000000000002,301.79999999999995,0.0006562869530942049,5.49342068748714,0.2287643865363735,0.1086702803360482,-0.4695722631694501,0.7913716159665096,0.05900000000000016,932.8800000000001,-0.0010131712259371804,6.463440372199073,1.9479050243075604
4.096265156794424,0.05534634540522158,-1.168289958845696,0.03670573822063057,0.324,291.3,0.0006799945600435232,5.4676892473991,0.2310555979643766,0.10924612965800265,-0.5251166665304181,0.7619740091800027,0.051000000000000045,789.1200000000001,-0.001160278745644598,6.311987297396301,1.9438993677789826
4.09399220338983,0.05611608041894722,-1.1905316298294966,0.07872509580040961,0.32799999999999996,295.38,0.0006942125765164171,5.480113962780079,0.23047106537530263,0.10900065196543178,-0.5074803179570089,0.7691930678770971,0.05300000000000005,828.96,-0.001130346232179228,6.360316983590804,1.9422811317132984
4.09619072847682,0.05689844368848158,-1.2178906193362065,0.024181936234159377,0.3370000000000002,302.9399999999998,0.0006554160125588706,5.507107568427574,0.22861346982758618,0.10858831391939396,-0.47451084403842536,0.7919656311566301,0.05900000000000016,932.8199999999997,-0.0010101626016260205,6.4712214995061395,1.940266872840033
4.094356206896552,0.05649767873863266,-1.2004718663786174,0.06819173916657743,0.32400000000000007,291.36000000000007,0.0007000279173645997,5.462719845727228,0.22866239813736905,0.10831316405729387,-0.46978045218232367,0.7902601813883521,0.05499999999999994,864.1799999999998,-0.0011012296881862135,6.395965157009066,1.939987580125011
4.094734027777778,0.05645674003064754,-1.2033675315872143,0.05797359917238601,0.31999999999999995,288.29999999999995,0.0007046932428611841,5.455921254191773,0.22927262180974478,0.10853043706793167,-0.4879637487208428,0.7803859411274846,0.05499999999999994,863.6399999999996,-0.0010956175298804797,6.400291068442316,1.9399916841692157
4.094623958333334,0.05643107720582141,-1.2070331313198406,0.057859692318658396,0.32000000000000006,288.06000000000006,0.0007036880033912649,5.455629147823966,0.22851410550458714,0.1084330272337328,-0.4778460034803782,0.7872647883686014,0.05600000000000005,874.5600000000004,-0.0010896174863387952,6.4086949338297305,1.940108747286928
4.094618402777778,0.05659249595872026,-1.2031910925748532,0.057030619488714684,0.32099999999999995,288.96000000000004,0.0007026074700493331,5.456088982903738,0.2288174566473988,0.10831978809503517,-0.4686006357940675,0.7887317223689606,0.05499999999999994,868.4999999999998,-0.0010956790123456785,6.403507858002444,1.9401683317924288
4.095859333333333,0.05681511488640638,-1.2159292229291565,0.028692538095667703,0.3340000000000001,300.60000000000014,0.0006613651424784629,5.4997674341875005,0.22851525054466232,0.10870653137461116,-0.470778200698196,0.7932045291064105,0.05899999999999994,920.52,-0.001029962546816481,6.458958936112499,1.9394811880360114
4.095276470588236,0.05667336876032342,-1.213626649744583,0.047613990705773615,0.32200000000000006,289.55999999999983,0.0006958942240779386,5.459818398649056,0.2284261958997722,0.1084250659092236,-0.46495070873603206,0.7954160702070526,0.05599999999999983,881.4599999999998,-0.0010801468999783984,6.416373587649981,1.937715722904364
4.095249484536082,0.0567065978398097,-1.210709443155567,0.04647682852663437,0.32400000000000007,292.2600000000001,0.0006901311249137307,5.467711795033428,0.22793811659192828,0.1083615422491081,-0.4537256390101003,0.7998183325846648,0.05699999999999994,896.0400000000004,-0.0010732077106346092,6.429658078298866,1.9367026801103429
4.095271575342466,0.05676853610970466,-1.2116255459654133,0.04651378067998064,0.32600000000000007,292.86,0.0006860735274019384,5.469633872752431,0.22765679287305124,0.10822635585643535,-0.44589345250998447,0.8028955734564548,0.05699999999999994,901.5,-0.0010685959271168255,6.4357907382245765,1.9357585040799483
4.095946179401993,0.05689176551788406,-1.2175745968980733,0.02824526690915643,0.3350000000000002,301.6199999999999,0.0006595576619273313,5.50283269620885,0.22868404710920776,0.10866894164510661,-0.47009667682668654,0.7931270215520054,0.05999999999999983,937.02,-0.001006711409395972,6.477684457492167,1.9345113271341512
4.095464745762712,0.056745827394005625,-1.2140144526767915,0.03890776704508343,0.32799999999999985,295.43999999999994,0.0006769564040075859,5.48166503447842,0.22800400866738896,0.10840734611865394,-0.44717678265855065,0.8028449051399926,0.05800000000000005,924.8999999999999,-0.001044682190056638,6.464308253308758,1.9342460610533974
4.095490508474576,0.05671956627167153,-1.2150071007201646,0.042769833020139085,0.32800000000000007,295.5,0.0006773365748244185,5.481290794714173,0.22809381107491852,0.10842052180792251,-0.44957476798934515,0.8021756699383029,0.05899999999999994,924.3600000000001,-0.0010458126036484248,6.462589973167164,1.9341251314055674
4.095658305084746,0.056857822595906715,-1.214532435940037,0.03983958365528432,0.32899999999999996,296.0400000000001,0.0006767881241565433,5.4817745179227995,0.22760869565217395,0.1083746693011091,-0.4496266350775109,0.8035847599399143,0.05800000000000005,924.7800000000002,-0.0010339409176618477,6.458822627310675,1.934069467838492
4.096136877076412,0.05681492716752643,-1.2166280527032556,0.024860560240397563,0.33499999999999996,301.74,0.0006573048523206771,5.503790128948045,0.22882567421790723,0.1085468275653024,-0.46364453008704665,0.794983503566243,0.05899999999999994,931.6199999999999,-0.0010227272727272702,6.472086316258677,1.9338567993733489
4.0957884745762705,0.056656041035433057,-1.2142572530611246,0.03407486049500944,0.32900000000000007,295.9200000000002,0.0006732580037664796,5.482767603012104,0.22772715376226826,0.10820279222975489,-0.44851114947779536,0.8031047024458753,0.05899999999999994,920.4600000000003,-0.0010406091370558361,6.457702526266731,1.9336565047835037
4.09550033898305,0.05676844880341639,-1.2134750236327578,0.038646157131818015,0.32800000000000007,295.5,0.0006770833333333352,5.4816121782399065,0.2279507072905332,0.10841799856319337,-0.44269758699421935,0.8039784754044751,0.05899999999999994,923.6399999999999,-0.0010438871473354256,6.459618204216401,1.9334348968908546
4.095614915254237,0.05692724569974309,-1.2176960720837415,0.038399430815830575,0.32900000000000007,296.15999999999997,0.0006784361471861454,5.481458272417623,0.22749704595186,0.10834882823498851,-0.43618311592098813,0.8074145106966205,0.05800000000000005,917.0999999999999,-0.0010600295920524215,6.449853539961083,1.9332277563557934
4.095367346938776,0.05673840876351475,-1.214107889052162,0.038309637840677056,0.32799999999999996,294.6,0.000680578286961266,5.478315806242933,0.22787098901098904,0.10832187086555083,-0.4486116989397235,0.8011242810488938,0.05800000000000005,912.3599999999999,-0.0010525201185938155,6.449621602735941,1.9330708638387109
4.09605681063123,0.05680485095032866,-1.2154948010159714,0.02863398067208627,0.3350000000000002,301.55999999999995,0.0006590370955011844,5.503682530587447,0.2284315053763441,0.10845130876574362,-0.4657697313553779,0.7947993453734347,0.06000000000000005,934.7400000000002,-0.0010141364474492947,6.4735707293043685,1.9330414380272856
4.0954474576271185,0.05680674690154628,-1.2155831849471772,0.04045363488431474,0.32899999999999996,295.86,0.0006767881241565433,5.48121540487826,0.227892849404117,0.10835191027501512,-0.44740792208182123,0.803813219332651,0.05800000000000005,925.7999999999995,-0.0010433520016594087,6.464262643971856,1.9331834212171302
4.095528135593221,0.05691573660065532,-1.2156758939989407,0.03874184227195701,0.32899999999999996,296.1600000000002,0.0006770622384231117,5.481048384198267,0.22783815217391304,0.10819578907088989,-0.4362840110847137,0.8067941993185123,0.05899999999999994,924.0599999999997,-0.0010485720241817798,6.461908407024614,1.9334046853933327
4.0955362711864405,0.05686738906120382,-1.216087192204756,0.04015955292484709,0.32800000000000007,295.37999999999977,0.000678436147186147,5.481103385386575,0.2277236582694414,0.10816474154377949,-0.440858822185465,0.8060753599247549,0.05800000000000005,916.44,-0.0010571428571428602,6.453864206283665,1.9336839663796896
4.0960513333333335,0.056797150441040806,-1.2159773954288162,0.030576236573247612,0.3330000000000002,300.0600000000002,0.00066480521207286,5.499477812658019,0.2285045602605863,0.1088157328435305,-0.4668475784697117,0.7941608894797878,0.05899999999999994,923.9999999999995,-0.0010343409418054775,6.461349901892959,1.93432931275784
4.095608873720137,0.056803355694759944,-1.211993839632848,0.034299845879897845,0.32699999999999996,294.1199999999999,0.000680981595092024,5.47528709706876,0.2281017758046615,0.10802104440608953,-0.45597557413280176,0.7969495866772958,0.05800000000000005,904.0200000000002,-0.001066104990278679,6.443023747249697,1.9346395938759084
4.0954797250859105,0.056697570824343665,-1.214445110478049,0.041919564776377316,0.32400000000000007,291.65999999999997,0.0006868395773294929,5.467692944158745,0.22783046875,0.10872872061003275,-0.44570391588290725,0.8045261844566514,0.05699999999999994,901.8,-0.0010686777920410812,6.431341471492483,1.9348963232566814
4.095250859106529,0.05670018719355581,-1.2106398011106005,0.04610442412243052,0.32399999999999995,290.9999999999999,0.0006922544951590558,5.466675596790758,0.2280504494382022,0.10824316904943897,-0.4580238272849053,0.7959211916233088,0.05699999999999994,894.6599999999999,-0.0010757575757575778,6.428293109450391,1.9350649808026366
4.094868166089966,0.05655192570974981,-1.2087772427022856,0.05018228321206258,0.32099999999999995,288.9599999999999,0.0006986531986531968,5.460398716697593,0.2285418202764977,0.10845102322108546,-0.4676513646946403,0.7936399930014953,0.05600000000000005,871.7399999999998,-0.0010908488063660477,6.405162070721017,1.9351110464162502
4.096096644295303,0.0567724593125069,-1.2136446322365388,0.030421150414168926,0.3320000000000001,299.03999999999996,0.0006666666666666643,5.493171970498427,0.228544420368364,0.10856269837572444,-0.46386492552356806,0.7957163368432434,0.05899999999999994,926.52,-0.0010335195530726277,6.465973770932415,1.9347246305146308
4.094753658536585,0.056490034693883445,-1.2066853583152557,0.051031972789317495,0.31900000000000006,287.69999999999993,0.0006999717753316378,5.453372476348546,0.22867435028248592,0.10861283454531374,-0.46462836495539994,0.7925160043303902,0.05600000000000005,887.8200000000002,-0.0010805039504591066,6.423582437820252,1.9343869631539616
4.094528222996516,0.05662187747099628,-1.2091421286477784,0.05662176223939073,0.31899999999999995,287.58000000000004,0.0007043147208121817,5.451504388270467,0.2287996543778802,0.10858185528492119,-0.4848183026511168,0.7843218270755431,0.05499999999999994,872.3999999999996,-0.0010874781849912734,6.404531268955874,1.9341163321700776
4.094583275261324,0.05651491923899155,-1.206736958523373,0.060140193693412926,0.31900000000000006,287.64,0.0007045326576576596,5.451906360740708,0.22937317919075145,0.10889216067452576,-0.47613117289361506,0.7884683832607435,0.05500000000000016,867.78,-0.001095394736842108,6.4028319169414605,1.934042071815065
4.0946017482517485,0.05659898776942954,-1.2074329948289815,0.05871392498062736,0.31999999999999995,287.76,0.0007082092726499351,5.4487064546153485,0.22963669402110198,0.10877526366467256,-0.4913955482608263,0.7790913798369978,0.05500000000000016,856.9200000000001,-0.0010956175298804797,6.390306331014797,1.9342935163410104
4.095734343434344,0.056762670004593736,-1.2144042060179503,0.033711829946727646,0.3310000000000002,298.44000000000005,0.000668005354752343,5.489331662229181,0.22823461538461542,0.10855497265205974,-0.46609441182486844,0.794337888926796,0.05800000000000005,914.2199999999993,-0.0010455876202425782,6.449577099307234,1.9362258688873388
4.0937079310344835,0.05644616146378108,-1.1999637046991083,0.07498826303786944,0.32399999999999995,291.47999999999996,0.0007039864291772672,5.460727777394279,0.22937890995260662,0.10877947682769294,-0.48663750595292043,0.7817411320429699,0.05400000000000005,847.0199999999998,-0.0011144578313253004,6.378338028558954,1.9377755164712085
4.093962585034014,0.05630229295470172,-1.1907628612690366,0.07658926188113487,0.32699999999999996,294.4200000000001,0.0006995540691192834,5.476368959291032,0.23016634499396865,0.10909637880583775,-0.5067333161520939,0.7727316487181757,0.05300000000000005,831.8999999999999,-0.0011189516129032266,6.36200422769118,1.9393883480630087
4.096313103448275,0.05554122824709762,-1.1711996989458877,0.03815669062629491,0.323,290.82,0.0006855889208830362,5.477804954321245,0.22981610904584882,0.1090276157881074,-0.489072482940212,0.7791652855266891,0.052000000000000046,810.7800000000001,-0.0011474844934527908,6.333900757441645,1.9408037689741406
4.095907046979866,0.056892360841787476,-1.2161856191923894,0.03084973053673122,0.3320000000000001,299.03999999999996,0.0006670665067306374,5.492816293736091,0.22832418655097614,0.10848764432102526,-0.4612420757901434,0.7958835465525326,0.05899999999999994,924.6600000000003,-0.0010283467825367282,6.463772657984245,1.941353375417495
4.096585763888889,0.05528222199013416,-1.166817910331073,0.02870353049468466,0.321,288.84000000000003,0.0006857889668455044,5.472715227390713,0.2313129234629862,0.1092443012756957,-0.5256686725624262,0.7619722654297381,0.052000000000000046,800.3399999999999,-0.0011541981239990874,6.327550457063342,1.9365576671031877
4.0941140410958905,0.05612803771660041,-1.1918832070037308,0.0717567783140394,0.32599999999999996,292.98000000000013,0.0006981792717086792,5.469934854188333,0.23009314903846154,0.10911108737502564,-0.5092201060829162,0.7723980831392018,0.05400000000000005,834.9600000000003,-0.0011148421759570194,6.365159827319812,1.9350135974468243
4.096172483221476,0.05677707361659707,-1.2160846437804238,0.03186617188803882,0.3320000000000001,298.6199999999999,0.0006669334400426822,5.493200157145976,0.22853438520130578,0.108415036727907,-0.4664307197538089,0.7938779267865618,0.05899999999999994,924.7200000000003,-0.0010252431202151884,6.4623992282878335,1.9337263701834209
4.094272222222222,0.05657242953904857,-1.2017324562558847,0.06715978033023473,0.32200000000000006,289.68000000000006,0.0007073479729729745,5.4545968769502,0.22926709753231492,0.10868173978434005,-0.4796480206479865,0.7852107977912862,0.05400000000000005,855.1200000000003,-0.001111847922192747,6.386986574575886,1.9340324515358212
4.094568292682927,0.056721130938958496,-1.2059898609175925,0.06143799476202621,0.31999999999999995,287.15999999999997,0.0007093401158683032,5.451617216339297,0.22945294811320757,0.1085986886660602,-0.4873476721337875,0.7800263803181637,0.05500000000000016,852.0600000000002,-0.001113337786684475,6.384547540273221,1.9346655496254397
4.09450528169014,0.05642873175855006,-1.2007461413078886,0.06393606441929418,0.31800000000000006,285.9,0.000710126402499649,5.441786132534812,0.22945734430082254,0.10861201164492952,-0.4874386002594018,0.780983689611589,0.05400000000000005,854.6399999999999,-0.0011133244798583431,6.388192604581306,1.935372970020516
4.0943775438596495,0.05656892942617453,-1.2051776546344435,0.05831730366694104,0.31799999999999995,285.9599999999999,0.0007098239636570106,5.444691469083593,0.22966607981220657,0.1085619314913804,-0.49831599265347126,0.7738321426165481,0.05499999999999994,855.4200000000003,-0.0010985853227232513,6.390178238015158,1.9359020182892894
4.0955711864406785,0.05659204427181921,-1.2118895803075702,0.040421199448446375,0.32800000000000007,295.91999999999985,0.0006744907594765988,5.482097072071156,0.22879187986651836,0.10864703354656456,-0.467701265989799,0.7913927979625824,0.05699999999999994,902.1599999999999,-0.0010652265988987714,6.439701361875075,1.935495773478449
4.09457456445993,0.0565124760151933,-1.2055030041324164,0.05691789545334152,0.31799999999999995,287.1,0.0007043147208121817,5.452651684933061,0.2287529548088065,0.10855565670433284,-0.4779514916822669,0.7872008317376352,0.05499999999999994,867.1799999999998,-0.0010978573006406012,6.398871115444702,1.934544408080694
4.094614930555555,0.05665776418423419,-1.2080367665691099,0.05401971175189299,0.32099999999999995,288.3600000000001,0.0007029046813310795,5.455369084505683,0.22936542923433878,0.10889601102820617,-0.4870682790301841,0.7828724982639345,0.05499999999999994,865.6800000000001,-0.0010889470241988231,6.39874409112355,1.9333825259203525
4.094902083333333,0.056476964292175996,-1.2055514465359378,0.05139377725561245,0.32199999999999995,289.62,0.0006948493683187522,5.456216155215383,0.22771770114942527,0.10803526546096433,-0.4315593886672149,0.8064738093153013,0.05599999999999983,881.4000000000003,-0.0010700389105058345,6.406118008268081,1.932246749111044
4.095075778546713,0.05656040683140157,-1.2131485869347676,0.04536296767671455,0.32199999999999995,289.62,0.0006915485126494296,5.460111677875947,0.22866826484018266,0.10847237668777779,-0.4693879799843099,0.7907722920666922,0.05600000000000005,878.46,-0.001080550098231826,6.414331212013138,1.9313736997663866
4.095641554054054,0.056669263288302685,-1.2134199616644186,0.038256798654274206,0.33000000000000007,296.8800000000001,0.0006727395411605959,5.485542396140153,0.22863315158124314,0.10849060350685845,-0.4728572103052966,0.7908841603853161,0.05799999999999983,920.8800000000006,-0.001029075804776737,6.457818906708811,1.9312750437749524
4.09543676975945,0.05662019106556373,-1.211967844887083,0.043340369777556724,0.32399999999999995,291.7199999999999,0.0006894409937888197,5.4676482322945645,0.2285014623172103,0.10848508156652714,-0.46226777517603823,0.7938994753531851,0.05600000000000005,891.6600000000001,-0.0010793752674368845,6.428194828697668,1.9319993124521115
4.095260481099657,0.056651093944683595,-1.209229949414314,0.048122594446758725,0.32399999999999995,291.72000000000025,0.0006893939393939346,5.467309232346232,0.22924868571428572,0.10866785129000636,-0.47765812470062086,0.786682480958304,0.05600000000000005,878.2200000000003,-0.0010833873406783279,6.415214115045737,1.9328860592417942
4.095042955326461,0.056607811351815016,-1.209405286077475,0.04482274093949445,0.32399999999999995,291.4799999999999,0.0006900124326564436,5.467884603443403,0.22823751425313565,0.10864655979496352,-0.4675204906434103,0.792722886505582,0.05600000000000005,880.8600000000004,-0.0010842586544741986,6.4115552598593055,1.933648537354318
4.095837162162162,0.056683266848297706,-1.2119412519092918,0.034858340785886906,0.32899999999999996,296.1600000000001,0.0006752931661949059,5.485626168760323,0.22852229654403566,0.10877229062840289,-0.4636165205607772,0.7943008338954014,0.05699999999999994,900.5400000000004,-0.0010650200548870572,6.43518736477437,1.9337397206167128
4.0951106164383555,0.056813044671320735,-1.2122210527693815,0.04581843863024187,0.32399999999999995,292.1400000000001,0.0006897265948632964,5.469932905277876,0.22885118644067795,0.1087989519477097,-0.46861076080495145,0.7912389930171875,0.05700000000000016,888.1799999999998,-0.0010814576634512337,6.423257883956364,1.9330110535525469
4.095380756013745,0.05654418800088389,-1.2098051465433242,0.04158567779656478,0.32399999999999995,291.72,0.000686718857299819,5.468371652606043,0.22902313860252002,0.1087639262460814,-0.470642846393575,0.7903635778574374,0.05500000000000016,876.78,-0.0010840899265023782,6.410976337495377,1.9320433733831475
4.095454982817869,0.05665296115665601,-1.2104496470887722,0.04485611164443068,0.32400000000000007,291.9,0.0006888523692139138,5.467515764084384,0.22852742857142858,0.10831831356417877,-0.4678943387871186,0.7912326800479933,0.05500000000000016,877.4399999999998,-0.0010762527233115448,6.4134820835044195,1.9310660546841594
4.095125085910652,0.0565711049965021,-1.2102119076760756,0.04572984042697744,0.32299999999999995,291.2400000000001,0.0006898935434812663,5.467098025914021,0.2299903448275862,0.10866021646587048,-0.494649613128189,0.7753445898673883,0.05600000000000005,882.2999999999997,-0.0010714285714285734,6.412412954406323,1.930308472031228
4.095554513888889,0.05665406459540537,-1.2118817275624614,0.040605939803728286,0.32899999999999996,296.28,0.000674104124408386,5.457966109152435,0.22858027057497182,0.1084968580779144,-0.4658760962373263,0.7931885544382732,0.05799999999999983,912.7200000000003,-0.0010537974683544288,6.426486286965423,1.9302882338915828
4.095146315789473,0.05675174836572829,-1.2103916022017165,0.04323233875937639,0.32500000000000007,292.79999999999995,0.0006861936193619373,5.446183540535988,0.2286926829268293,0.10864062614478873,-0.4684241046115809,0.7922349284879697,0.05600000000000005,886.0800000000002,-0.0010812850366537302,6.3961931499235565,1.930993651908944
4.095021126760563,0.05667391944456713,-1.2113438853233751,0.04537063280626876,0.32400000000000007,291.5999999999999,0.0006905158069883511,5.442898454452975,0.22897502944640755,0.10872229095091922,-0.47404465629262305,0.7887476006056804,0.05600000000000005,873.8399999999997,-0.001091878946222511,6.382922453796505,1.9318549529805134
4.095455281690141,0.05676350128152379,-1.2107913290237458,0.0426943645362675,0.32400000000000007,291.7199999999999,0.0006888246628130983,5.443668267288024,0.22901842723004692,0.10866403396620283,-0.4749412795512118,0.788447264230689,0.05500000000000016,876.1199999999999,-0.0010849673202614387,6.387121117990909,1.9326108360347218
4.095263194444445,0.05672913192743186,-1.213120668935603,0.03907461958281848,0.3290000000000002,295.79999999999995,0.0006783340116673482,5.457231960510999,0.22882678983833712,0.10860780022980494,-0.4721930911210279,0.7911098742981546,0.05700000000000016,891.6600000000003,-0.0010663254425250562,6.403125887067984,1.932835213143129
4.095158450704226,0.05674633603976304,-1.2096046222234764,0.045643170275240605,0.32400000000000007,291.6,0.0006904860250585146,5.442422467820826,0.22847099415204675,0.10845217406417254,-0.45659414412906196,0.7981642224674094,0.05600000000000005,879.7800000000002,-0.0010856769130150427,6.389954459152232,1.9322255210842934
4.095086572438163,0.056806161916773755,-1.2095304924365782,0.04856314732876324,0.32299999999999995,290.64,0.0006950796950796941,5.438704310553561,0.22905443786982246,0.10858072107506495,-0.48565163411077883,0.7824684136588699,0.05600000000000005,868.74,-0.0010886829913964253,6.379140892114581,1.931354038782028
4.095331672597864,0.056637190481175825,-1.2101398257335885,0.04738541809975731,0.32099999999999995,288.78,0.0006973500697350046,5.432223079339565,0.2289901292596945,0.10834535946612864,-0.47500754847400106,0.7868171138992911,0.05499999999999994,876.0,-0.0010912698412698385,6.387952461961078,1.9304038811948672
4.094456071428572,0.056626871135233375,-1.2064876224185297,0.056772463977203654,0.31899999999999995,287.8799999999999,0.0007043945174508942,5.426791661815947,0.2293575471698113,0.10857425580324696,-0.48018343928248264,0.7855098924136016,0.05499999999999994,872.2200000000003,-0.0010907504363001708,6.385002937778384,1.929558163281346
4.095409688581315,0.056767869246570735,-1.213361963215004,0.039085000855603055,0.33000000000000007,296.81999999999994,0.0006743465373214794,5.460648405193869,0.22815234375,0.10847256326423738,-0.46113643073428845,0.7961601057134386,0.05800000000000005,921.5999999999999,-0.0010394489668127823,6.434263966047239,1.9288710984146151
4.094502150537633,0.05656123584570183,-1.2071913357646757,0.05555282739151469,0.31899999999999995,286.56000000000006,0.0007076073098172534,5.424028927684981,0.22870568047337278,0.1087432406808245,-0.47504693517759167,0.7895027615061898,0.05499999999999994,867.3600000000001,-0.0010893246187363838,6.376442434282471,1.9291475340099875
4.09464476534296,0.05642530044545708,-1.2059679141170019,0.05869171540547284,0.31699999999999995,284.4599999999999,0.0007127568493150678,5.416867376109971,0.22909434416365823,0.1084425910408161,-0.4905526428968199,0.7796077413731545,0.05499999999999994,854.5800000000004,-0.0011021865238732696,6.363172876741279,1.9297639743761645
4.094666546762591,0.05663132883891002,-1.2053466475574657,0.059358750859484666,0.31800000000000006,285.53999999999996,0.0007134703196347008,5.420394187353962,0.22951463119709795,0.10875480921950363,-0.49252425634387365,0.7794409054651878,0.05400000000000005,850.8599999999997,-0.001103678929765886,6.358799669398018,1.930655087103194
4.094496389891696,0.05639007825491359,-1.2033449939564655,0.060549535369736486,0.31600000000000006,284.52000000000004,0.0007131650263871039,5.416994699182147,0.2296834348355664,0.10873101169696374,-0.5014566181236568,0.7744712681565262,0.05400000000000005,845.1600000000001,-0.0011163206072784117,6.349982806488837,1.931755539781123
4.0941992882562275,0.05647791997173124,-1.1973300416827954,0.07262178755411941,0.32099999999999995,288.5399999999999,0.0007105449398443009,5.429659549387898,0.23020915750915752,0.10873948840511641,-0.4982265435323914,0.7739020294624585,0.05399999999999994,843.1199999999999,-0.0011081382385730234,6.3527263557156415,1.9355917502831637
4.093755087719297,0.05635857148099364,-1.1921914033650618,0.07878125072819295,0.32499999999999996,292.44,0.0007046413502109707,5.444393781474896,0.23011826086956524,0.10878820086713036,-0.5094813078079174,0.769384785652491,0.05300000000000005,828.3600000000001,-0.0011301369863013684,6.334110127134835,1.9367150637133135
4.096296797153024,0.05549629422777518,-1.17313865133166,0.03973681802914437,0.32,288.48,0.0006897976042957461,5.4453575466531206,0.23024609475032012,0.1091692375787824,-0.5061182953904209,0.7721116457580046,0.051000000000000045,803.7600000000001,-0.0011576638965835643,6.302056051621895,1.9375683629849496
4.095369791666666,0.0568131485168798,-1.214460235629861,0.03946906812714383,0.32800000000000007,295.74,0.0006772529858849078,5.457138997788731,0.22834864253393666,0.10866586967023713,-0.46079967455521675,0.7952302588632902,0.05799999999999983,910.1399999999999,-0.0010636727809403322,6.42033055770109,1.9373934399028558
4.096389323843416,0.05564065911289965,-1.1693718273428233,0.03377300390125516,0.321,288.41999999999996,0.0006893939393939354,5.445968607222211,0.2313033462033462,0.10910412187288042,-0.5303146651132078,0.7596179125230661,0.052000000000000046,799.1999999999999,-0.0011550011550011542,6.302989622322713,1.9335529424384883
4.093970070422535,0.05621223037433235,-1.1916192336827731,0.07352383275036156,0.32399999999999995,291.4799999999999,0.0007041261794113549,5.442417765542391,0.23085807644882864,0.10909311430563194,-0.5170316940073967,0.7653393345477567,0.05300000000000005,834.8400000000001,-0.0011133113311331123,6.343658030196767,1.9321629720644549
4.095361672473868,0.05669884802390322,-1.2111851968264356,0.03896982604259237,0.32800000000000007,294.72,0.0006792888165038016,5.453972791247482,0.22846570104287373,0.10863679099533739,-0.4702890640545041,0.7924633411894189,0.05600000000000005,888.2399999999998,-0.0010672703751617107,6.397229917557977,1.9301902916346094
4.094101792114696,0.056429292486719754,-1.1988056231761586,0.068476442875163,0.31900000000000006,286.56000000000006,0.0007134703196347066,5.423251343621236,0.22936540803897681,0.10883987768240087,-0.49614967734648685,0.7780432659026442,0.05400000000000005,844.5599999999997,-0.0011055332440874622,6.349706501011399,1.9296886125096282
4.0944456834532375,0.05655170836303265,-1.2034494441298138,0.06295927830170618,0.31699999999999995,285.5400000000001,0.0007145913564398805,5.42013102129995,0.23025268948655256,0.10885058566162671,-0.49774061240954603,0.7761253363879569,0.052999999999999936,842.0399999999997,-0.0011231393775372148,6.349477452168378,1.9294068532043662
4.094547292418772,0.05654948921905618,-1.2041801703630937,0.05989209307948201,0.31700000000000006,284.5799999999999,0.0007153045214662666,5.416903682377264,0.22937958937198064,0.10876819346432678,-0.48745182414217236,0.7808952793216727,0.05400000000000005,851.9999999999998,-0.0011111111111111128,6.359030924813807,1.9292569042981342
4.0944866425992785,0.05643596353766461,-1.2043089495707662,0.05955700661226725,0.31699999999999995,284.64,0.0007125552230297827,5.4175445559337705,0.22947094837935175,0.10880526596953852,-0.48391084374226123,0.7831853037542934,0.053999999999999826,856.6799999999998,-0.001102649006622518,6.365771916485014,1.9291506563702419
4.095411846689895,0.05673630549655221,-1.2135593320030114,0.03973439454126509,0.3270000000000002,294.8399999999999,0.0006803690137023456,5.454051349032005,0.22842906178489703,0.10826713319489453,-0.4675453762786912,0.7922667992244403,0.05699999999999994,898.7399999999998,-0.0010651142733937016,6.412418413678919,1.9287389120772247
4.094641366906475,0.05647146265623412,-1.205913811606885,0.055394143162328026,0.31700000000000006,285.6,0.000707714083510259,5.420314380379611,0.22907455830388693,0.10851929374444494,-0.4751686941991906,0.786977828214298,0.05599999999999983,872.7599999999998,-0.0010965772836276436,6.384831159554117,1.9283897147337596
4.095080286738351,0.05658014462255447,-1.2082912299310784,0.05337084535068918,0.31799999999999995,286.5,0.0007054525014052808,5.423584900665698,0.22937272727272728,0.1084820354662015,-0.4854959923596165,0.7820138280882869,0.05499999999999994,871.6200000000001,-0.0010802267277087417,6.384102547288705,1.927996816411955
4.094891489361702,0.056785908737248654,-1.2089889039968167,0.05454815801321737,0.32199999999999995,289.55999999999983,0.0007003211841921517,5.434768772636346,0.22851193511008114,0.10850145946371915,-0.47423113591977284,0.7894984444585991,0.05599999999999983,887.5799999999999,-0.0010741219564748986,6.3980984238519785,1.92760462555416
4.094768085106383,0.05670569951359464,-1.20854504030548,0.05208995395265339,0.32199999999999995,289.7400000000001,0.0006990372540812058,5.43462931571561,0.22877256027554538,0.1086178686681848,-0.4656384316555644,0.7927907111823019,0.05699999999999994,895.8,-0.0010652591170825345,6.408379266880256,1.927257550602725
4.095045104895105,0.056669238092354975,-1.2124689101587534,0.045755751929062546,0.32600000000000007,294.17999999999984,0.000683127572016459,5.449598837971357,0.22848045714285717,0.1086322514374182,-0.4660604853568717,0.7941730897285829,0.05699999999999994,900.1200000000003,-0.0010675105485231998,6.411338510035256,1.9268635069267408
4.095126148409894,0.056840386108286636,-1.2106466025508884,0.048199575377707235,0.32299999999999995,291.05999999999995,0.000693349923959629,5.438596239998607,0.22840498839907195,0.10827364237915241,-0.4667573634471269,0.7924092885359079,0.05600000000000005,886.9200000000003,-0.0010734280792420315,6.3983042562486965,1.9268281035173258
4.0949660777385155,0.05671760915714615,-1.212488212219019,0.04741784231898857,0.32300000000000006,290.7599999999999,0.0006927126627874794,5.438923279171496,0.2290196511627907,0.10873561609176202,-0.4716781668930361,0.7900015750165459,0.05600000000000005,884.5800000000002,-0.0010769728331177211,6.396237307920513,1.9268609466445408
4.094706007067138,0.05661429478328894,-1.2102598148395463,0.04874636134829661,0.32299999999999995,290.46000000000004,0.0006923506420993835,5.4384682657028325,0.22933266745005876,0.10857406571552294,-0.4908535636079656,0.7795487395012344,0.05600000000000005,875.9399999999998,-0.0010884573894282652,6.387616531784524,1.9269291931811705
4.0954125874125875,0.05657763323801894,-1.2113056916268845,0.04222721417487771,0.32600000000000007,293.82000000000016,0.0006822532130161332,5.450480594892845,0.22859919999999997,0.10853647039163511,-0.4679622630964757,0.7938151260610823,0.05800000000000005,900.48,-0.0010548523206751089,6.4129385257148,1.9270468230862445
4.09534628975265,0.05670162571765986,-1.2104697904502606,0.04863164755123029,0.32300000000000006,290.64,0.0006932889628397091,5.4389391555581845,0.22850115207373273,0.10837310104878789,-0.46658683051727934,0.7925694304075811,0.05600000000000005,893.5799999999999,-0.0010640362225097027,6.405205047908714,1.9270683148748389
4.09498445229682,0.0567208081420754,-1.210809465753554,0.0486882127576804,0.32299999999999995,290.7600000000002,0.00069409808811305,5.4390251542457095,0.22873794694348326,0.10846098412218938,-0.47080814675527627,0.7894624731009359,0.05600000000000005,892.6199999999999,-0.0010730446024563682,6.404399265904547,1.9270694269131476
4.09543144876325,0.05666356511623676,-1.2113482156610411,0.04755036270114613,0.32299999999999995,290.70000000000005,0.0006927126627874737,5.439696773131219,0.22897777777777778,0.10871544036921466,-0.4675892148343834,0.7909170642820503,0.05700000000000016,898.9199999999998,-0.001064578005115091,6.4088303257705395,1.9270551107485339
4.09479293286219,0.056640577354570606,-1.21122117734639,0.04803646442598973,0.32300000000000006,290.69999999999993,0.0006920608343797943,5.438616605764128,0.22881330275229358,0.10837332438250512,-0.47176469579336366,0.7889408826503091,0.05700000000000016,897.6599999999996,-0.001056728513542333,6.411301453780545,1.927030317928363
4.095469230769231,0.05676939393915943,-1.2120326074564691,0.04124743158511805,0.3270000000000002,293.82000000000016,0.0006837431693989027,5.450624234275274,0.22845678160919541,0.10865328192190322,-0.4754713362152745,0.7896657493048884,0.05699999999999994,894.8400000000001,-0.0010663254425250567,6.404627800045653,1.9269695978076644
4.094997173144876,0.056753624056962174,-1.2117641790688505,0.04697404898911644,0.32300000000000006,290.64,0.0006930006930006969,5.43866211504408,0.2290301401869159,0.10846705162320407,-0.4742571598992482,0.7884814738933981,0.05600000000000005,881.2799999999995,-0.0010708898944193094,6.393472296910641,1.9269465093829983
4.094928268551237,0.05672133462459892,-1.209446181550228,0.04870114742792175,0.32300000000000006,290.6400000000001,0.0006934053754502646,5.438656527416093,0.2292975294117647,0.10853706585533086,-0.4827529862794373,0.7839946919636445,0.05600000000000005,875.4000000000003,-0.0010758665794637018,6.387125648860394,1.9269386220544997
4.095021908127208,0.056743576843258856,-1.2100453266353635,0.04871076481327271,0.32199999999999995,290.46000000000004,0.000694675540765392,5.438990698286756,0.22892058479532165,0.10857763125531308,-0.48061754641196464,0.7857581876424373,0.05600000000000005,879.9599999999998,-0.0010801468999783984,6.390368649768749,1.9269538231506678
4.095411538461538,0.056722363712962305,-1.2110537438489035,0.04754003271133241,0.32600000000000007,293.76,0.0006853901872352049,5.4501428343746765,0.22890607798165138,0.10838856704169364,-0.4748871037162048,0.7886118543915561,0.05699999999999994,897.5999999999999,-0.0010549872122762186,6.409805141476667,1.927078700846234
4.09495780141844,0.056588187244263004,-1.2103804720571107,0.04826000747279131,0.32200000000000006,289.67999999999995,0.0006948514022603582,5.434829003580694,0.22841139534883723,0.10850281160393946,-0.46501435403880187,0.7934102031977116,0.05600000000000005,884.7,-0.0010773540185304903,6.394226867388054,1.927166117594064
4.09511524822695,0.05674831470089912,-1.2093841802267975,0.05036388579354883,0.32099999999999995,289.43999999999994,0.0006988120195667339,5.435463985325949,0.22883988372093023,0.10858979481146366,-0.46997316990763016,0.7892287870005389,0.05599999999999983,884.5800000000002,-0.0010787486515641848,6.395689162464615,1.927232103063423
4.094804982206405,0.056743587375788156,-1.2101876046471545,0.05285494313855855,0.32099999999999995,288.5400000000002,0.0007025316455696186,5.431047404409783,0.2286796511627907,0.108430157318697,-0.4704393491545775,0.7911615674459,0.05599999999999983,885.1199999999997,-0.0010751633986928139,6.396567285615391,1.927246510074243
4.094893165467625,0.05651070176277076,-1.207648850871015,0.05347464407363272,0.31700000000000006,285.3599999999999,0.0007083156254427019,5.420696842644993,0.2291706432748538,0.10846027161269535,-0.4824272055333165,0.7827401851968481,0.05600000000000005,880.3199999999997,-0.0010900370612600826,6.392427741225778,1.9271791914464576
4.0952863157894726,0.056526128615456715,-1.20993717042227,0.046210543069794496,0.3250000000000002,292.68000000000006,0.0006867602532342416,5.447039758944629,0.22830951834862387,0.10845538703040435,-0.46515203363105195,0.793230720610534,0.05699999999999994,897.54,-0.0010633484162895909,6.407746703137894,1.9267024585545927
4.0949404332129955,0.05657451899124114,-1.2055060999537606,0.05694705971649514,0.31700000000000006,284.46000000000015,0.0007137758743754435,5.41696756600222,0.22969214285714284,0.10874972965561831,-0.48743762432012483,0.7800891480075742,0.05500000000000016,864.8999999999999,-0.0010856769130150427,6.375464311384893,1.9263747699291185
4.0944927536231885,0.05638900619760726,-1.2042867461284374,0.061162023874104354,0.31499999999999995,283.3800000000001,0.0007168536094334149,5.41347346736481,0.230038768115942,0.10866193755571309,-0.5059498515048624,0.7709132617835684,0.05499999999999994,852.3599999999999,-0.0011010709504685398,6.362905144316868,1.9261288069422497
4.0943249999999995,0.05643230706605129,-1.204052579573282,0.06322994485644737,0.31500000000000006,283.44000000000005,0.0007187005893344802,5.412237758313608,0.23025318892900118,0.10881987705680726,-0.5055392637941272,0.7719458426448008,0.05499999999999994,856.02,-0.0010919920582395759,6.366948484156007,1.9260764424126589
4.094041877256318,0.0565428355630987,-1.2027916033734105,0.06654453943281255,0.31599999999999995,284.4,0.0007179818887451479,5.415178752435489,0.2300937198067633,0.10888010218299957,-0.5047305421996455,0.7718764906155259,0.05400000000000005,852.3,-0.0011022927689594351,6.3616235861839385,1.9263295491590178
4.095302807017545,0.056585396967904975,-1.2101583520214938,0.04479388785644512,0.32499999999999996,292.6200000000001,0.000686355500481897,5.447029398131894,0.2288176605504587,0.10869293909544389,-0.47391189036672365,0.7910718103532578,0.05699999999999994,896.8200000000002,-0.0010611814345991544,6.409390153984058,1.9281438723428017
4.093916785714285,0.05641238564317311,-1.1975239758862084,0.07405412855710533,0.31899999999999995,287.7,0.000712555223029789,5.426371849283942,0.23011741778319122,0.10877185457206813,-0.5033177893605445,0.7730914060771257,0.05399999999999994,844.56,-0.001104793756967669,6.354551628367415,1.9295940619487206
4.09372332155477,0.05626740189644226,-1.1910735237159793,0.07922275143182059,0.32299999999999995,290.52000000000004,0.0007080147267063189,5.438030171480741,0.23013734643734643,0.10870910445535095,-0.5078471199082286,0.7722543372843459,0.05400000000000005,837.06,-0.0011096226836347413,6.34666129721948,1.9311276691675783
4.096034408602151,0.055484586954620115,-1.1736606767717372,0.04119457155346085,0.318,286.56,0.0006955490442305031,5.43761539846735,0.2305602791878173,0.10893487510263936,-0.5211930066109414,0.7650119022346294,0.052000000000000046,810.9000000000001,-0.0011503811503811485,6.314143654987409,1.9325217943491961
4.0951545454545455,0.05680318828744177,-1.2121968731251567,0.04490823267466984,0.32600000000000007,293.6400000000001,0.0006856713152857535,5.449450052209772,0.22880125570776255,0.10850363632891163,-0.4645676314126401,0.7951082956005949,0.05699999999999994,901.2600000000002,-0.0010611814345991544,6.415718118521831,1.9337081631853104
4.096067741935483,0.05550310300594231,-1.1702114795853569,0.035808714137866265,0.318,286.44000000000005,0.0006936936936936955,5.438589956934177,0.2309829268292683,0.1091384393837734,-0.5298315205538726,0.7602862669099416,0.051000000000000045,801.6599999999997,-0.0011558021266759146,6.303079588379651,1.9299474913016677
4.093790070921986,0.05621632142919379,-1.19259627840758,0.0732934189742652,0.32199999999999995,289.67999999999995,0.0007080147267063134,5.43487227267642,0.23116147132169576,0.10894248167517544,-0.517280601897248,0.7643522359960592,0.05300000000000005,824.9399999999998,-0.0011317986910403986,6.33510480197772,1.928386855022953
4.095097535211268,0.05656556299074579,-1.2115064570930707,0.04936617478952815,0.32400000000000007,291.48,0.0006908031627132726,5.4424596353819,0.22853793103448275,0.10863310638390092,-0.4650556988742549,0.7946731641079278,0.05599999999999983,895.2599999999998,-0.0010656949725390756,6.405975632950394,1.925940141582623
4.0942370503597125,0.056587379696712466,-1.1995612688221768,0.06744085726142673,0.31800000000000006,285.7200000000001,0.0007163242009132387,5.419467880423134,0.2299987849331713,0.10861133700430455,-0.4966753891765703,0.7771472815448957,0.05400000000000005,846.2400000000002,-0.0011111111111111128,6.3579732573177665,1.9251877867250642
4.094422101449275,0.05643412137177473,-1.2030434514343444,0.0648072946803168,0.31499999999999995,283.55999999999995,0.0007183908045977047,5.412344263642903,0.22955107913669062,0.10886403089660096,-0.488594304705543,0.7813474118400909,0.05500000000000016,858.6600000000001,-0.001098610191925876,6.366768043717572,1.9246802652826733
4.094478985507246,0.05659417501251886,-1.2035293921585255,0.061271306836477434,0.31500000000000006,283.31999999999994,0.0007190106413574899,5.412573597771282,0.23028130277442704,0.10887512440565202,-0.5027762041245731,0.7729265818757495,0.05400000000000005,852.5399999999997,-0.0010900370612600826,6.364120209949142,1.924354907110799
4.094488808664259,0.05671720765082738,-1.2037515162491805,0.06205849853561112,0.31599999999999995,284.52,0.0007166309778729455,5.415715913899709,0.22979666666666668,0.10883323695029641,-0.49361061779435067,0.7777275021258667,0.05600000000000005,863.8199999999997,-0.0010900370612600826,6.375287518089499,1.9241490420647915
4.095393333333334,0.05660315214498692,-1.2110535665453996,0.04585176846839348,0.32499999999999996,292.9200000000001,0.0006874483897605269,5.446915894617899,0.22876515323496027,0.10863642965475266,-0.47013099365901123,0.7919183612913454,0.05799999999999983,906.9000000000001,-0.0010530160718012973,6.41963098677933,1.9238553445582716
4.094399999999999,0.056716548788469316,-1.2073499477936387,0.06045540107229617,0.31700000000000006,285.5400000000001,0.0007128599942971177,5.418829382699842,0.2288725787631272,0.10856412720056394,-0.47346567351597635,0.7876789716429181,0.05599999999999983,882.2400000000002,-0.001089324618736381,6.392490876493242,1.9237035745274482
4.094561151079136,0.0566413219661291,-1.2089092717492687,0.05552653391315767,0.31799999999999995,285.60000000000014,0.0007110255313079464,5.420085074842493,0.22927751756440282,0.10859517862256603,-0.4785969923557212,0.7844059083838032,0.05600000000000005,879.72,-0.0010695072089520138,6.3910068511334,1.92354342248187
4.095114642857143,0.056627533370143646,-1.209441660220964,0.0531906441934778,0.31899999999999995,287.58000000000004,0.0007026419336705987,5.428052521214125,0.22891152502910364,0.10860162108518852,-0.47325868164985785,0.7893768605332134,0.05599999999999983,883.3800000000001,-0.0010663254425250593,6.395278438000652,1.923373620995876
4.094978928571429,0.05660928765540197,-1.2099758717297846,0.052093286547526436,0.32000000000000006,287.52,0.0007021246658224295,5.42741056953979,0.2286588098016336,0.1085045480067081,-0.47092527938586004,0.7908885766152766,0.05600000000000005,882.1200000000003,-0.0010758665794637018,6.392243834784459,1.9231929026438055
4.095173076923078,0.05664196604202548,-1.2079210041437032,0.04705916301594099,0.3270000000000002,293.81999999999994,0.0006851092896174848,5.450512900670537,0.2287979357798165,0.10863152376016177,-0.46653619933099266,0.7928437282545733,0.05699999999999994,897.7200000000003,-0.001056011791956201,6.409826332258341,1.9227951787387436
4.095045195729537,0.056625807906352174,-1.2070617617167483,0.04778795609471741,0.32099999999999995,288.5999999999999,0.0006993299832495819,5.432376149164027,0.2291692037470726,0.10856639643861146,-0.48118152769999645,0.7838694179836905,0.05600000000000005,878.9999999999998,-0.0010791366906474822,6.390488670991951,1.9225848369341023
4.094769858156028,0.05671846153328986,-1.2095057646337033,0.05223216138406279,0.32200000000000006,289.4999999999999,0.0006985191394244247,5.434566409217519,0.22899179366940212,0.10841826956435459,-0.4719231932932195,0.7878144109999137,0.05600000000000005,877.98,-0.0010798429319371751,6.389758528144558,1.9223769057600901
4.094930141843972,0.056797850879402874,-1.211545403648377,0.04995947604925802,0.32200000000000006,289.6200000000001,0.0006986320491345577,5.434601207796753,0.22872651162790694,0.108657671287819,-0.470943422249563,0.7908604270776695,0.05699999999999994,885.8399999999999,-0.0010663254425250593,6.394938429435035,1.9221793163907186
4.09509020979021,0.056708430219835466,-1.2117337349096784,0.04684452671605616,0.32699999999999996,293.70000000000005,0.0006860721167079565,5.449580790931708,0.22913741496598639,0.10864727950521584,-0.476960099190221,0.7885015194734282,0.05799999999999983,908.04,-0.0010492282019190695,6.422969810260549,1.9218434063732799
4.094801773049646,0.056658468194374,-1.2110958841334984,0.05040690633586835,0.32199999999999995,289.68000000000006,0.0006972361809045219,5.4346335140866495,0.22888281786941583,0.10848390668422131,-0.47573590770570684,0.7872040540265749,0.05800000000000005,898.5600000000002,-0.001054185114906179,6.411784600621846,1.921700059741236
4.09478829787234,0.05669038629715978,-1.2104119462500846,0.05041722064746335,0.32200000000000006,289.6199999999999,0.0006979341150195466,5.434798936933706,0.22898993135011442,0.10857912631844882,-0.46832729119203,0.7903308231341382,0.05700000000000016,898.8000000000002,-0.001069524418852634,6.413125700223165,1.9215570029458766
4.094883274021353,0.05666059001153412,-1.2058577566591244,0.057897140972639316,0.32199999999999995,289.67999999999995,0.000697350069735004,5.430834261532637,0.22870444191343964,0.1084216733994156,-0.4642636208905544,0.79196639268854,0.05800000000000005,903.3599999999999,-0.0010592497868712684,6.417214282431782,1.9214012788292107
4.095072340425532,0.056646845018507246,-1.2125177848156685,0.0499053964755907,0.32200000000000006,289.62,0.0006958403126744855,5.435107318290907,0.22900034522439588,0.10874744026931499,-0.4708006525938826,0.7906095892145084,0.05600000000000005,894.5399999999997,-0.001061381074168799,6.40650219283712,1.9212199302332487
4.0951209790209795,0.05680111893553005,-1.2113994277756845,0.04540123298355287,0.32600000000000007,293.5799999999999,0.0006869184455391321,5.449323049769225,0.22859151583710408,0.10843769958119924,-0.4697186725021827,0.7921872780371016,0.05800000000000005,910.0200000000004,-0.0010404925902734276,6.423585462873409,1.9207375859815161
4.094951590106007,0.05683939890418955,-1.2109304414002457,0.05036804328407425,0.32299999999999995,290.58000000000015,0.0006957726957726927,5.437897579770511,0.22915702857142853,0.10816246903497552,-0.4698647537034706,0.7866339471433172,0.05699999999999994,899.28,-0.0010629251700680258,6.417968143046565,1.9204650060700137
4.094966192170818,0.0565382039081434,-1.2097788001901213,0.05069181553176201,0.32099999999999995,288.72,0.000698339612111066,5.431962470021866,0.2285378718535469,0.10842711466701181,-0.46708682899981957,0.7914623937787882,0.05699999999999994,899.5200000000002,-0.0010612855007473858,6.41156273986934,1.9202236331677538
4.095000709219858,0.05671204357120123,-1.209992529596363,0.04979754335810692,0.32199999999999995,289.4999999999999,0.0006979341150195403,5.435171335363366,0.22873135689851767,0.1086022501750526,-0.46887352986622854,0.7904653295945508,0.05800000000000005,902.1000000000001,-0.001065941101152369,6.414699458358381,1.920054840176996
4.095258041958042,0.05678943368254567,-1.2106577806636971,0.044963911318296704,0.32699999999999996,294.11999999999966,0.0006863549357396758,5.450104911766822,0.2288357222844345,0.10836057302131868,-0.4742932394201551,0.7896163213576369,0.05899999999999994,918.7199999999998,-0.0010429703796412174,6.435706924919923,1.9200802038234999
4.094744839857651,0.05665525562017318,-1.2112881369107955,0.05051595933666472,0.32100000000000006,288.77999999999986,0.0006998313659359178,5.43082202169577,0.22870793650793653,0.10843516587243651,-0.46847052493892294,0.7912241959695857,0.05699999999999994,907.3199999999999,-0.0010443037974683554,6.421779589449578,1.9202354159721269
4.094795357142857,0.05653673533844691,-1.2102607351446752,0.05328374047353075,0.32000000000000006,287.5200000000001,0.0007022353437368186,5.427705560600812,0.228579180887372,0.10855178591992523,-0.46505280389913084,0.7911894808310873,0.05800000000000005,904.3800000000001,-0.001047860004216739,6.416422815234794,1.920385319054986
4.094948571428572,0.05661737300979811,-1.2105371213760001,0.05322367232360001,0.32000000000000006,287.6399999999999,0.0007015324054548025,5.427265046732465,0.22891138952164009,0.10862232182964864,-0.46759035791708614,0.7904982905343869,0.05800000000000005,902.9400000000003,-0.0010630004214075006,6.416793972311641,1.920449595681181
4.094764748201438,0.05649879907466214,-1.207787940910079,0.05655566492888103,0.31700000000000006,285.5400000000001,0.0007083156254426944,5.420355337267299,0.22933256083429895,0.1084239650333726,-0.4892678797638994,0.7797232965005031,0.05600000000000005,887.9399999999996,-0.001060116354234005,6.4026578771565585,1.920347928459817
4.095115384615385,0.05676326782790452,-1.210445777363486,0.0475077935886668,0.32600000000000007,293.6400000000001,0.0006863549357396747,5.4492466737547,0.2291293318233296,0.10856186117309127,-0.47020144250009643,0.7900177571786428,0.05800000000000005,909.06,-0.0010523571130579884,6.424379527063024,1.9193660337935026
4.094897472924187,0.05670014256506846,-1.209265902426051,0.060443354019107234,0.31600000000000006,283.91999999999996,0.0007147957726363856,5.41597290488483,0.22952724137931035,0.10865623437889566,-0.4992005138526556,0.7757262639489626,0.05699999999999994,892.8599999999999,-0.0010615711252653945,6.409856750570421,1.9185684168627772
4.094320652173913,0.05654965985759287,-1.2065401072486541,0.06210096398585347,0.31499999999999995,283.55999999999995,0.0007176724137931024,5.412297666080999,0.22938286713286715,0.10832520266142912,-0.48276381144028013,0.7828147068659532,0.05699999999999994,883.6200000000001,-0.0010755124056094926,6.398410368664627,1.9177700771129436
4.094415884476534,0.056711003080769845,-1.2049554254658628,0.06402885172339283,0.31600000000000006,284.58000000000004,0.0007183908045976983,5.415603176456754,0.2291786542923434,0.10846406232399045,-0.482234219354158,0.7829276660135337,0.05600000000000005,886.8,-0.0010669681309216177,6.40061052944039,1.9171339424491225
4.09428916967509,0.056660316227944124,-1.2029746960879026,0.06425440796681284,0.31699999999999995,284.5199999999999,0.000718390804597699,5.415313737454568,0.22958422897196265,0.10855569652919292,-0.4923865244365859,0.7778431557558516,0.05600000000000005,880.7999999999997,-0.001063348416289596,6.394889458285434,1.9168229407764343
4.095115034965035,0.056731827297340595,-1.2119410800379495,0.0489812706850665,0.32600000000000007,293.70000000000005,0.0006877323420074341,5.4485714723896015,0.22870803964757708,0.10828504220287992,-0.46202650228831565,0.7941865367187025,0.05899999999999994,934.3200000000002,-0.0010243055555555595,6.452409333055494,1.9177612165580442
4.093760573476703,0.05630810742404946,-1.1976838851613951,0.07354186014921918,0.31899999999999995,286.56000000000006,0.0007133620689655137,5.422858362427702,0.22969672131147542,0.10856617452754463,-0.4929900778387979,0.7768073579596695,0.05599999999999994,878.9400000000003,-0.0010647249190938533,6.393008274028164,1.918935361021209
4.094072438162544,0.05634727458732426,-1.1922167697953623,0.07567757923303652,0.32299999999999995,290.7,0.0007080147267063129,5.438400788964768,0.23008307692307692,0.10886010743939203,-0.5020526294118524,0.7745676591466795,0.05600000000000005,869.1600000000001,-0.0010715825786977145,6.382674346373944,1.9202843724932406
4.096240287769784,0.055373733117261015,-1.1706922600378487,0.0332548168110226,0.318,285.41999999999996,0.000692640692640691,5.436301184534732,0.23007002457002457,0.10875379768906007,-0.508554202746085,0.7719384914750256,0.05400000000000005,837.7800000000001,-0.0011114827201783705,6.34570497246002,1.9215701900778852
4.094794197952218,0.05665273957620959,-1.2130477369136536,0.052015021669004055,0.32600000000000007,293.76,0.0006834780212208889,5.4720083744765144,0.22865319609967497,0.1085536431095866,-0.4802509110706068,0.7859806296557803,0.05899999999999994,925.6800000000003,-0.0010297173732335798,6.465442941081751,1.9227372481224685
4.0967704225352115,0.05539154393278889,-1.1647609847148868,0.0302664494013013,0.317,285.18000000000006,0.0006951388888888846,5.458749871219263,0.2304996376811594,0.10887132562501013,-0.5176465261322503,0.764241911423365,0.05300000000000005,831.4200000000002,-0.0011201262114041,6.36339334806792,1.9190667787208184
4.093939655172414,0.0562638425562229,-1.1882175114255549,0.078356539059059,0.32299999999999995,290.7600000000001,0.0007060478199718673,5.462957798278012,0.23079988317757008,0.1088897203745945,-0.5273868564127029,0.7610541533987925,0.05500000000000005,858.8400000000001,-0.001081548777849881,6.398291796067122,1.9174765662265254
4.095037542662115,0.056592423033607,-1.2114235651356595,0.05002400186826332,0.32600000000000007,293.4000000000001,0.00068542864968502,5.473104116777466,0.22841884984025562,0.10856221272767959,-0.4628910564454505,0.7959854799397063,0.06000000000000005,942.3599999999997,-0.0010161127895266895,6.482277934253336,1.9147805316928215
4.0942923076923075,0.05651985612713992,-1.2002982450565418,0.0664683976312604,0.318,286.14000000000004,0.0007150997150997118,5.448147915149795,0.22936347237880497,0.10846185347898085,-0.4791640637513388,0.7840346770010452,0.05700000000000016,891.0,-0.001061965811965813,6.43035229367646,1.9138226012877597
4.094419014084507,0.05658404372843791,-1.2031552546698097,0.06543716726201736,0.31599999999999995,284.40000000000003,0.000719305794606998,5.441235145329808,0.22904100558659218,0.10853075544379613,-0.47632807387360865,0.7868345966633596,0.05700000000000016,898.74,-0.0010632001690974438,6.437263664795498,1.91309589585038
4.094462897526502,0.0565145392476543,-1.2025771418934041,0.06205733421957091,0.31500000000000006,283.86,0.0007172542275723727,5.4372279198422,0.22914821826280624,0.10846272317553018,-0.47637346588054763,0.785443957029172,0.05800000000000005,901.5,-0.0010526315789473673,6.441549380190744,1.9125701024462494
4.094255985915494,0.056553043772581,-1.2022518000067803,0.06883729384027965,0.31599999999999995,284.4,0.0007186016400517903,5.439792473672381,0.22887425414364643,0.108442429822324,-0.4702670404365574,0.7895831745608286,0.05799999999999983,907.5599999999997,-0.0010539682539682568,6.448253391678023,1.9122149081409336
4.0950999999999995,0.05665267872595203,-1.2102627480077512,0.05060417283297458,0.32699999999999996,294.48,0.000684145841868086,5.473489999018703,0.2278997885835095,0.10825754723216696,-0.45132014152829614,0.8008012044167668,0.05999999999999983,949.8600000000001,-0.001020428802588996,6.489058758537527,1.9118906251062444
4.0945604895104895,0.0567244882285891,-1.2073194733406478,0.05815058168052296,0.31799999999999995,286.2600000000001,0.0007119464616260836,5.447898419222068,0.22889311875693677,0.10827174027312801,-0.47066206511617636,0.788433981603172,0.05799999999999983,906.6599999999999,-0.0010543570219966167,6.445013204432082,1.9118342706113887
4.094435191637631,0.05669097951844882,-1.2095710759024254,0.05934965609559316,0.31899999999999995,286.7399999999999,0.0007095359366157385,5.451167669172269,0.22901993428258485,0.10832414541022967,-0.47617712437217596,0.7849281402631346,0.05899999999999994,915.8399999999999,-0.0010307982401005658,6.458258512144894,1.9117739836843846
4.0945986111111115,0.05661252558954196,-1.2089138285540415,0.05516385805985604,0.32000000000000006,287.70000000000016,0.0007048832271762183,5.45531911701589,0.22892250554323726,0.10845562148983631,-0.47922114980964947,0.7842589567366677,0.05800000000000005,904.6200000000001,-0.0010489510489510507,6.444590563460932,1.911652811494184
4.094665051903114,0.05670750049632374,-1.2108519631307655,0.05513109842499619,0.32100000000000006,288.9000000000002,0.0007017543859649155,5.458344306535789,0.2284838137472284,0.10820888287123315,-0.46000899935736905,0.7946309925880184,0.05699999999999994,905.3400000000004,-0.001056518946692359,6.4447720056511955,1.9114138012097381
4.095049319727892,0.05659650943732847,-1.2119186550648455,0.048527046208069115,0.32699999999999996,293.8799999999999,0.0006851011143210869,5.477010636872233,0.22915255319148936,0.10861899124664462,-0.4747883882563606,0.7866899858553462,0.06000000000000005,941.1599999999999,-0.0010070281124497954,6.486249383942802,1.9103839287860391
4.094841724137932,0.056605935631800004,-1.212532443644516,0.05136497365585989,0.32300000000000006,289.9799999999999,0.0006949672382545618,5.462366561736811,0.22851872981700755,0.10813317016974622,-0.46259099162536055,0.7912832034289794,0.05899999999999994,931.6799999999998,-0.001032191069574248,6.4745260684148676,1.9096560034973982
4.095079037800688,0.05676598801780648,-1.2142703860856816,0.04869840730329321,0.32400000000000007,291.05999999999995,0.0006940980881130517,5.465467638965041,0.22797659115426103,0.10843970402429175,-0.4616243200675658,0.7956695277095365,0.05899999999999994,929.1600000000001,-0.0010297173732335822,6.467201356052309,1.9089361138157372
4.095191554054054,0.05681692234847364,-1.2131879795995513,0.04760094675948728,0.32899999999999996,296.0999999999999,0.0006804934255117231,5.483623502842687,0.22811017838405034,0.10816396967112199,-0.4555459995585758,0.7951951163912832,0.05999999999999983,955.02,-0.0009975742874469371,6.497653538112435,1.9079825689328889
4.094794482758621,0.0567319496182802,-1.2147357015007334,0.05110621753368629,0.32299999999999995,290.94000000000017,0.0006961849067112252,5.4620837767505925,0.22855438034188036,0.10833822139879969,-0.46098232626854285,0.7948469320934677,0.06000000000000005,939.6600000000001,-0.0010256410256410254,6.479315960110505,1.9082068144212614
4.094735172413793,0.05657549125882312,-1.2069555693320213,0.054465336094045275,0.32399999999999995,291.06000000000006,0.0006923714759535653,5.462141434622948,0.22840315560391727,0.10848241138959713,-0.46029413127866814,0.7954190747314362,0.05900000000000016,922.5,-0.0010451977401129955,6.461093395430344,1.9085467083686383
4.094617647058823,0.05682712264853914,-1.2181232086004625,0.05055673171561944,0.32199999999999995,289.9200000000002,0.000699831365935916,5.457458721247063,0.22866207650273224,0.10844100546211055,-0.4588444364111095,0.7964191811633394,0.05800000000000005,917.7599999999998,-0.0010469687564659649,6.458930246403009,1.9088762226785398
4.094871379310344,0.05647419528050186,-1.2091470258632102,0.053255592473718215,0.32300000000000006,290.4,0.0006972361809045213,5.464857582890691,0.22894728260869568,0.10827034096069993,-0.4711986244614028,0.7885121808031591,0.05899999999999994,923.9399999999998,-0.0010321910695742474,6.466353919028167,1.9090693292544865
4.095065084745762,0.056719807031922954,-1.2143755849701725,0.0470027811731264,0.32800000000000007,294.7800000000002,0.0006827802813054794,5.480446956694587,0.22818618490967058,0.1078834336716739,-0.4532844652411896,0.7963600213098897,0.06000000000000005,945.06,-0.0010153846153846157,6.487827357092479,1.908595760155446
4.095133103448276,0.05672224468489187,-1.2106968132298976,0.05029127866164561,0.32399999999999995,290.94000000000005,0.0006958942240779375,5.462711827226654,0.22864189044038666,0.10825979417927416,-0.4661998540739196,0.791590274225963,0.05899999999999994,933.5999999999999,-0.0010207434791538292,6.476863845047694,1.9079983483085736
4.094764948453609,0.056774354190302016,-1.2140059735497928,0.05408019028800217,0.32299999999999995,290.81999999999994,0.0006969443281707823,5.465209337078852,0.22874099244875945,0.10861209860615018,-0.4696524671289253,0.790104501587088,0.05899999999999994,931.56,-0.0010367372353673715,6.47032196977328,1.9074030563839786
4.095010652920962,0.056702851100640356,-1.2104477048826596,0.05304575819197582,0.32299999999999995,290.93999999999994,0.000694617406946172,5.465351858842702,0.22859602150537636,0.10830331111847571,-0.45868256898834314,0.7945714571587343,0.05900000000000016,932.1600000000003,-0.0010337032470201406,6.475404409717228,1.9070051763062557
4.0953465986394555,0.05671272552725768,-1.213008330095072,0.046658419974134197,0.32800000000000007,295.01999999999975,0.0006837082481254258,5.476922579361036,0.22805776850886342,0.10821300095760628,-0.45384003004037554,0.7988837435739721,0.06099999999999994,961.2599999999998,-0.0010112246943275237,6.504073763311887,1.9075126709215637
4.095054861111112,0.05671200861205713,-1.2083955860214322,0.04939762534260814,0.32400000000000007,291.60000000000014,0.0006938662225922812,5.4564421101709515,0.22784268817204303,0.10829538922898611,-0.43856430456852724,0.8051687138876603,0.05899999999999994,939.8999999999999,-0.0010323306732146515,6.471747474261281,1.9083877386543244
4.094508996539792,0.05674968459004149,-1.210253355094742,0.058130186759328885,0.32099999999999995,289.1400000000001,0.0007023809523809503,5.4578396404870535,0.22894811529933484,0.10841234062901126,-0.47351859774712635,0.7862733635027214,0.05799999999999983,906.7200000000003,-0.0010449651678277392,6.445101454833793,1.9093996043134145
4.095024738675958,0.05653031915544724,-1.2081742849654589,0.054851073220572505,0.32000000000000006,287.51999999999987,0.0007055602358887974,5.453695826998563,0.2289988986784141,0.10842479985435387,-0.4790600819240991,0.7839904798337319,0.05800000000000005,910.3200000000004,-0.0010496183206106856,6.451699838383002,1.9103226690139683
4.094251398601398,0.056641129958176335,-1.2065278638687733,0.06302195015553994,0.31800000000000006,286.0799999999999,0.0007111395282750803,5.447311604593624,0.2286765227021041,0.10855224585445351,-0.4640038477609334,0.7935134769937926,0.05699999999999994,905.4000000000001,-0.0010476190476190479,6.444454615833667,1.9109313338711187
4.094996587030717,0.05670452716777494,-1.2134927274062959,0.051854927746181924,0.32699999999999996,294.17999999999984,0.0006862342638204702,5.472657518953255,0.22789700534759358,0.1083734163963026,-0.4503244519882621,0.80103459811016,0.05899999999999994,936.7199999999998,-0.0010361470527829163,6.476493007563128,1.9103936310808973
4.094481978798587,0.05647205876200492,-1.2077397904375893,0.059075394294863824,0.31499999999999984,283.67999999999995,0.0007139784946236543,5.437595580596364,0.22897411504424778,0.10849499710281921,-0.47531025246333014,0.7865081338304607,0.05699999999999994,907.0800000000002,-0.0010573248407643309,6.446995626694701,1.909339441054706
4.094291549295775,0.05646917829754283,-1.2071586134623047,0.06355094364295026,0.31599999999999995,283.6800000000002,0.0007149009474590839,5.440465655849055,0.228976897689769,0.10842134183394496,-0.47669154186580887,0.7866163917245694,0.05800000000000005,911.2199999999996,-0.001043898340684732,6.451159170408704,1.9081552064274732
4.094168197879859,0.05653980535279431,-1.2077768961494797,0.06655071578058384,0.31500000000000006,283.62,0.0007187139561706989,5.435859471357409,0.22897721238938054,0.10859848875323203,-0.4718399996156837,0.7884760865840246,0.05800000000000005,906.72,-0.0010449320794148373,6.446490222591061,1.9071587037052466
4.093802112676056,0.056492967240615664,-1.2023524752431007,0.06827321571683706,0.31599999999999995,284.16,0.0007175825760853883,5.439451519917692,0.22884624724061806,0.10827820287947446,-0.46491646091301186,0.7909549296666661,0.05800000000000005,907.3199999999999,-0.001053189235007418,6.450485743709834,1.906667709394073
4.0951806122448975,0.056724759722819026,-1.2116540506354818,0.04912683378201894,0.32699999999999996,294.24,0.0006874483897605279,5.476595389937264,0.22785997876857747,0.10828541452638159,-0.4401560773578135,0.804179296769857,0.05999999999999983,945.1800000000003,-0.0010247063588497347,6.484557314647198,1.9083526195696612
4.093851916376307,0.056277176677534194,-1.1969022350558483,0.0726633967448732,0.31899999999999995,286.9199999999999,0.0007145931984502781,5.450734585827041,0.22895844594594594,0.10845639405147112,-0.4673391042365771,0.7915569204646734,0.05600000000000005,892.4399999999998,-0.001067961165048546,6.4278995915585,1.9104396823120369
4.093890378006872,0.0563579030904325,-1.1905468168657787,0.0786680569935125,0.32299999999999995,290.82,0.0007089341249646583,5.465376371017117,0.22926199304750872,0.10887874836862081,-0.4868104084028957,0.7827112028350542,0.05600000000000005,874.1999999999998,-0.0010743623000432367,6.399204812206467,1.9128545699766921
4.0965533333333335,0.05542319640200487,-1.1706699153962237,0.03268352983764684,0.317,284.76,0.0006955490442305034,5.4612664144919645,0.22938178613396004,0.10877196312481961,-0.49013568722868106,0.7817773262934509,0.05400000000000005,853.4999999999998,-0.0010978043912175644,6.386694529205264,1.9151906643131937
4.094972602739726,0.0568206207993213,-1.2105402418340767,0.0527954009200347,0.32499999999999996,292.8599999999999,0.0006908212560386429,5.469107197736157,0.22811830985915493,0.10810132831611724,-0.44640308715199506,0.798200706623505,0.05899999999999994,926.6399999999994,-0.0010401002506265692,6.466422560631126,1.9177838536034197
4.096796466431095,0.05532363236870797,-1.1682017859814775,0.021474530700175107,0.315,283.92,0.0006943864047917499,5.456374068801446,0.23086281287246727,0.10921241672238012,-0.5308959115007252,0.7594755484990662,0.05400000000000005,842.3999999999999,-0.0010997807017543854,6.375928833651074,1.9127082686716075
4.094225000000001,0.056316788127520195,-1.1981365428002733,0.07032944174510757,0.32199999999999995,289.3800000000001,0.000709430756159728,5.455718365886839,0.22915085324232085,0.10847665386288381,-0.48547774243794306,0.7812875128581578,0.05600000000000005,881.52,-0.0010739055049848287,6.419472263036713,1.9106622726918663
4.095110616438356,0.05675685394278841,-1.2122674500125725,0.05234032441259399,0.32600000000000007,293.3399999999999,0.0006902496207419627,5.4688298116103,0.22830010672358592,0.10821988441652616,-0.46122157908183326,0.7926703796723389,0.06000000000000005,939.8400000000001,-0.001021039603960396,6.4811790227789645,1.9079749289796215
4.094040492957746,0.05635500853589621,-1.1968216356639747,0.07205540564877318,0.316,285.11999999999995,0.0007188130221838094,5.441476478383223,0.2289903587443946,0.10869600621933051,-0.4753388108125436,0.7872544978048879,0.05699999999999994,895.5000000000005,-0.0010650200548870566,6.432429487643059,1.9075085544549317
4.093904929577464,0.0565126812734394,-1.203486121990848,0.06915337399545961,0.31599999999999995,283.98,0.0007214038128249557,5.439970706099267,0.22908422222222224,0.10838614608045088,-0.47623218646257115,0.785847812525123,0.05800000000000005,902.2800000000002,-0.0010573248407643335,6.444079889931343,1.907439375360277
4.093895422535211,0.05659653363848253,-1.2057702324583865,0.06793360276544819,0.31600000000000006,284.52,0.0007187139561706995,5.439112221172378,0.22896736493936054,0.10833139188378235,-0.47650177001401595,0.7846382230372656,0.05800000000000005,911.46,-0.0010417986067131095,6.451156758469828,1.9076058906300055
4.094136042402827,0.05668340108793516,-1.2073601279960595,0.06424193621517867,0.31499999999999995,283.6199999999999,0.0007194348327566328,5.435926086805169,0.2290021978021978,0.1085249593796583,-0.4802149193327163,0.7840895643035494,0.05800000000000005,913.1400000000001,-0.001044025157232706,6.453282086397817,1.9078465991984639
4.0947325342465755,0.056664308332345086,-1.211075093042557,0.054240386274851386,0.32499999999999996,292.98,0.0006912090959511948,5.46937604842026,0.22802761596548005,0.10815119083386182,-0.4487967436613718,0.7997136751019456,0.05899999999999994,930.0,-0.0010386624869383508,6.470140949160348,1.9079414304780928
4.0944580985915495,0.05647371354654092,-1.2062589810529123,0.06285391605459136,0.31599999999999995,284.28,0.0007148990983254607,5.441269677754713,0.22844697469746975,0.10819360923042678,-0.45911868004215206,0.7925769502047384,0.05799999999999983,910.9199999999998,-0.0010538592027141626,6.451956962784579,1.9076935821127556
4.094438245614036,0.0566607501490092,-1.2122889075664145,0.05996047301889569,0.31699999999999995,285.3599999999999,0.0007123541132934835,5.442914591024858,0.22827461873638347,0.1085910529191614,-0.45251025775371767,0.7987635764288236,0.05799999999999983,923.1599999999996,-0.0010432330827067674,6.458543644070132,1.9073159848931327
4.094469444444444,0.05668708918481274,-1.2096180366280056,0.060718214121989154,0.31999999999999995,287.76,0.0007059988681380873,5.454396757830855,0.22846887921653972,0.10858169512269927,-0.4711271121493512,0.7916266986124394,0.05799999999999983,922.5000000000002,-0.001032834580216126,6.4602676828364105,1.906868168808369
4.094770279720279,0.056615111939496816,-1.2097013698253372,0.054338050491670564,0.31999999999999995,287.8199999999998,0.0007056167090036677,5.449077241540022,0.22884103982300885,0.10828220140426664,-0.4629608230262052,0.7957446994664462,0.05799999999999983,907.1400000000001,-0.0010488777008600804,6.449210396871167,1.9064096638476098
4.094880272108844,0.05687270382830662,-1.2128133951840387,0.05248746060038369,0.32599999999999985,294.0,0.0006902009358656749,5.475557914197761,0.22783572938689217,0.10825336956191324,-0.44679867077677304,0.8010288191004242,0.05999999999999983,950.2200000000003,-0.0010122699386503052,6.4885068265207,1.90568456447805
4.094703114186852,0.05674167735253649,-1.2104065366884846,0.05245942118822745,0.32099999999999995,289.5600000000002,0.0007006458859870823,5.458572324417565,0.22882281081081082,0.10843715922730793,-0.46474934964089654,0.7919241189961367,0.05899999999999994,928.8000000000002,-0.0010323383084577115,6.4702178935199495,1.9054521733877348
4.094762068965516,0.05666588594738584,-1.2111972150567205,0.05500857884400526,0.32199999999999995,289.7400000000001,0.0006986320491345634,5.461602634952113,0.22802714592274678,0.10796377135960473,-0.44940924720224773,0.7983835515031735,0.05899999999999994,933.72,-0.001026988051091884,6.476791526259156,1.9052775000583944
4.094983448275862,0.056742916329940565,-1.2097864297670626,0.053572842888418536,0.32299999999999995,290.1,0.0006986320491345577,5.463054367818044,0.2284132620320856,0.1086840558464833,-0.45990162715707195,0.7973274535281538,0.05900000000000016,939.78,-0.0010254065040650401,6.477070589248097,1.9051352178193695
4.094977551020409,0.05671445819323464,-1.2087929101446038,0.0547581519202191,0.32699999999999996,294.24,0.0006887790138717192,5.4759122334625125,0.22871243358129653,0.1084226367800619,-0.47127230122842256,0.7897454578819826,0.05999999999999983,945.06,-0.0010181225819588698,6.48657608299461,1.9048515257058327
4.09474,0.05664574172144288,-1.2094145439178516,0.053171236423856086,0.32300000000000006,290.22,0.0006971723081209096,5.4626122289830175,0.2288896288209607,0.10820097986198493,-0.47154205731102294,0.7879444653244718,0.05900000000000016,921.54,-0.0010339409176618477,6.462037288390624,1.9046894971472357
4.0945048442906575,0.0566126318089795,-1.2114878120167316,0.05577497066779312,0.32100000000000006,288.8399999999999,0.0006988341059137514,5.458398930230477,0.22810983957219252,0.10804137873128092,-0.45450210274059755,0.7952894873841142,0.06000000000000005,937.74,-0.0010246836755859773,6.479448954127716,1.904518622310781
4.094893448275862,0.056744773952039106,-1.2112405012767904,0.053322659171696166,0.32299999999999995,290.15999999999997,0.0006990372540812058,5.461487659288881,0.22825836909871242,0.10837409886820128,-0.4647848976607887,0.7939780143247903,0.06000000000000005,935.6999999999996,-0.0010315483603154845,6.4749782116678745,1.9043436091830412
4.094774305555556,0.0566328719651206,-1.2115481972410123,0.05634852684704991,0.32100000000000006,289.38,0.0006989247311827976,5.455166774000827,0.22797344753747323,0.10839392154814577,-0.44542691471722895,0.8014864722998172,0.05900000000000016,939.72,-0.0010334967320261455,6.475734738948086,1.9041691657505895
4.094918027210885,0.05684904089366741,-1.2146215215025322,0.053565207722504546,0.32699999999999996,294.3599999999999,0.0006884953322350353,5.475616696946266,0.22835399159663863,0.10848194339562084,-0.4549567920612074,0.7989368224863851,0.05999999999999983,955.3800000000001,-0.0010063834031518082,6.496546918593009,1.903837634989804
4.094753287197231,0.056712104228382715,-1.215308528892049,0.05381705815989431,0.32200000000000006,289.79999999999995,0.0006975930590540126,5.457699126949751,0.2281545260915868,0.10813413882295458,-0.4554983668377317,0.7973395467680495,0.05899999999999994,943.2600000000004,-0.0010139573070607525,6.483818721207016,1.9036708540663743
4.094964359861592,0.05654591675885069,-1.206489716282503,0.051642055995168495,0.32299999999999995,290.52,0.0006973995271867604,5.4598508735005,0.22849209694415173,0.10826427852704289,-0.4468922805547595,0.8004606153151324,0.06000000000000005,951.72,-0.0010172379234315476,6.495887612762371,1.9034852556480424
4.094858762886598,0.05682961043790933,-1.2100952318971618,0.05405018789316809,0.32299999999999995,291.41999999999996,0.0006964758322886169,5.465628197747693,0.22778335112059764,0.10814176770018458,-0.45133189002154017,0.7996334517821159,0.06000000000000005,939.7200000000003,-0.0010227743271221542,6.479491616060263,1.9032664381531401
4.0947184300341295,0.05674797948554825,-1.2154488746405854,0.050757365859031234,0.32699999999999996,294.05999999999995,0.0006885109912899187,5.471848741684621,0.22781972717733473,0.10830796318326612,-0.4474080604892956,0.8020647503459557,0.06000000000000005,957.1200000000003,-0.001004260499087037,6.495656289499142,1.9026780449371168
4.0944124567474045,0.056701708876065834,-1.2103021083204288,0.0563240561865945,0.32099999999999995,289.43999999999994,0.0007017543859649097,5.457619831416462,0.2281505882352941,0.10843745321157384,-0.45772332324438514,0.796239925749218,0.05899999999999994,938.1599999999999,-0.001032430213464696,6.477107441478363,1.9023186980336388
4.0946572916666675,0.05665195963216921,-1.2091954881287825,0.057533887490232964,0.31999999999999995,288.2399999999999,0.0007058075455701561,5.455467525789454,0.22827224622030237,0.10814705769080875,-0.45347734708693643,0.7977878306814128,0.05899999999999994,929.4000000000001,-0.0010283467825367282,6.470599282731476,1.9019465896888772
4.094585069444444,0.05663945381505192,-1.2112359626335454,0.05809356253324681,0.31899999999999995,287.6400000000001,0.0007052914544425535,5.454189931673726,0.22803401069518714,0.10845719123185714,-0.45595216709344877,0.7968872923482,0.05899999999999994,937.2600000000002,-0.0010234278668310713,6.475984921686602,1.9015863503021424
4.094500701754385,0.0565202084605128,-1.2078965682135587,0.058250869789361545,0.31699999999999995,285.53999999999996,0.0007090986757795796,5.445388151526677,0.22897770562770564,0.10805171902140402,-0.4596747928314322,0.7923185705034065,0.05899999999999994,929.8199999999997,-0.0010301715230419512,6.472987972410532,1.9012626102727461
4.094999659863945,0.05676300863717649,-1.2082634821990998,0.050995471553067474,0.32699999999999996,294.60000000000014,0.0006885403769431788,5.4769115120978755,0.22780010405827267,0.10823061904587189,-0.44115896742676775,0.8043745379401605,0.06099999999999994,964.5,-0.0010024154589372016,6.504611018627419,1.9008273750424058
4.094252650176678,0.0566452261441335,-1.2089216657215056,0.0634040691747276,0.31599999999999995,284.58000000000004,0.0007162356321839039,5.436269383806143,0.22852709677419356,0.10848561966623492,-0.46775370332404753,0.7914849098681748,0.05899999999999994,933.8399999999999,-0.001036204744069914,6.473287857842912,1.9007904915952343
4.094150530035336,0.056573244291658976,-1.208016779512483,0.06676224717732987,0.31599999999999995,283.79999999999984,0.0007186016400517909,5.435477068720115,0.22817156652360515,0.10837389368832477,-0.45890391038294664,0.7966416733728369,0.05899999999999994,934.98,-0.0010349794238683125,6.474445559461792,1.9009393310129468
4.093880565371025,0.05653910567343397,-1.205255228050988,0.06872483683763594,0.31500000000000006,283.67999999999995,0.000722006052745353,5.436104795532625,0.22819203444564046,0.10821480363411651,-0.44894022643238607,0.799467083102838,0.05900000000000016,932.52,-0.0010236783016942255,6.472889625874107,1.9013238746500039
4.093886925795053,0.05650383962766959,-1.2037623256550776,0.07214256348898665,0.31499999999999995,283.55999999999995,0.0007198782079164821,5.436050960040752,0.22877119741100324,0.10830598171507073,-0.4588518435947462,0.7940903390990375,0.05900000000000016,928.8599999999999,-0.001036484245439469,6.473099453080987,1.9019941038608676
4.09442852233677,0.05667932443827033,-1.2082814890152536,0.06249242308850544,0.32499999999999996,292.79999999999995,0.0006907031357922342,5.464736640777604,0.2284208955223881,0.10824805916925342,-0.4603150547832153,0.7942013645506661,0.05999999999999983,941.46,-0.0010174477581659574,6.483181224176592,1.9043457882265917
4.093971678321679,0.056291441318505095,-1.1943997409563798,0.07381377935884749,0.31799999999999995,286.56000000000006,0.0007162297665090997,5.448855852333436,0.2300711086226204,0.10865795462173189,-0.49229181271153744,0.7761212901910122,0.05700000000000005,897.7200000000005,-0.0010563232830820746,6.437110401141789,1.9058526689187565
4.093754827586207,0.0562055929920765,-1.1894512008831426,0.0751716585658573,0.32099999999999995,289.6200000000001,0.0007097050021376629,5.462803054408105,0.22936170212765958,0.10852658954623116,-0.4876921006486423,0.7794175223942131,0.05700000000000005,895.3200000000002,-0.0010501995379122034,6.436141191592252,1.9072960862593364
4.09688445229682,0.05526691965765419,-1.1645981735284308,0.029158528758043166,0.315,283.32000000000005,0.0006950236308034445,5.455283448451972,0.23018225806451614,0.10892000989805073,-0.49636947805347686,0.7761114386606558,0.05500000000000005,871.86,-0.0010764112470487235,6.409661415313517,1.908451484431175
4.094786006825939,0.056835422925070475,-1.2169278690186063,0.04978655354571813,0.32699999999999996,294.17999999999984,0.000688540376943186,5.471417109631808,0.2286722513089005,0.10820667008047807,-0.45681857989927366,0.7957590222254445,0.06099999999999994,959.3400000000001,-0.0010064412238325266,6.503288811555055,1.9080302127919666
4.09696690391459,0.05523927706145241,-1.1603086521241008,0.021060474542024657,0.315,283.14,0.0006944444444444421,5.45060214489983,0.23000138408304496,0.10872928764212474,-0.4980731833499865,0.7748308374621704,0.05500000000000005,870.1800000000001,-0.0010805860805860813,6.408611579294808,1.9022775950327024
4.093985069444445,0.05627266413159589,-1.1906517931266278,0.07010865730266524,0.32199999999999995,289.68,0.0007100340136054423,5.456191097321986,0.22914556541019956,0.10853077565951884,-0.4874320767337159,0.7811521064824755,0.05800000000000005,905.8800000000001,-0.0010457310677575004,6.444955613915196,1.9003879249299298
4.094998976109214,0.05677019087805226,-1.214281873845848,0.05334648414855911,0.32699999999999996,294.24,0.000687200547570154,5.471691836074072,0.2275107692307692,0.10791194813685061,-0.4473831030657065,0.8021805264691668,0.062000000000000055,978.1799999999998,-0.0009974144789180594,6.519682651818905,1.898320397642578
4.093626315789474,0.05637092795054504,-1.1984827876496136,0.07558174409153905,0.317,285.12000000000006,0.0007195332757130499,5.443022391384821,0.2284524838012959,0.10848247387232297,-0.4614729734232501,0.7934365028999564,0.05899999999999994,928.9800000000002,-0.001034804226227469,6.468445178123044,1.8982112594215448
4.0939602836879425,0.05664027321856886,-1.2054774652912763,0.078835411808991,0.31599999999999995,284.21999999999997,0.0007202355306620698,5.431129936125167,0.22894079655543592,0.1085092225166282,-0.4678875244588552,0.7897627865332568,0.05900000000000016,932.0399999999995,-0.0010277777777777802,6.472239509123648,1.8984486179418352
4.094205281690141,0.056617138389605054,-1.2033885719222006,0.07121427362450658,0.31600000000000006,284.15999999999997,0.0007202535292422912,5.439141855023921,0.22838823529411767,0.108212353126697,-0.46330185831603155,0.7921396035198577,0.05899999999999994,921.7799999999997,-0.0010449651678277419,6.461344787470432,1.8988085058083848
4.094093286219081,0.05674283246540688,-1.2084064931712213,0.0674053637053235,0.31599999999999995,283.86,0.0007206623470122413,5.435335593579083,0.22837198697068403,0.10820332359491419,-0.45589199223088217,0.7948556318020589,0.05899999999999994,923.1600000000003,-0.0010360642067959135,6.464938948557874,1.8990669556261277
4.094797959183674,0.056746847998279455,-1.2122011814791371,0.05272014724410142,0.32699999999999996,294.18000000000006,0.0006895127993393897,5.476270452076498,0.228488266384778,0.10855132874478712,-0.46206917964061045,0.794954526310324,0.05999999999999983,953.7599999999998,-0.0010148863407765081,6.489954405766515,1.8984520855266103
4.094602105263157,0.0567938821370704,-1.2110219595157086,0.059340026812003455,0.31800000000000006,286.0200000000001,0.0007134727557262754,5.443604920146685,0.22867652733118968,0.10825116806237592,-0.4655344126527887,0.790699038529247,0.05899999999999994,935.04,-0.0010202827289489873,6.479107100305237,1.8975413147692666
4.09388028169014,0.05629778438518884,-1.1994574046651332,0.07117154148431534,0.31799999999999995,285.53999999999996,0.0007127568493150678,5.440253908295284,0.2279749202975558,0.10816153940225269,-0.4431783907834439,0.8023302171298669,0.05999999999999983,945.0000000000002,-0.0010286298568507142,6.484993354488434,1.8964542042829515
4.094468055555556,0.056584347871093406,-1.2100976376247383,0.06110458838723001,0.31999999999999995,287.70000000000005,0.000705291454442554,5.454303066806204,0.22798319327731092,0.10834481355882754,-0.45009879492482385,0.8006670912689545,0.06099999999999994,955.0199999999998,-0.0010205535205535209,6.495213383029609,1.8953772706226468
4.094234722222222,0.05669853371051883,-1.2113864467417406,0.06112719084047241,0.32100000000000006,288.6600000000001,0.0007044237813468556,5.453683404650986,0.22798012552301256,0.10828172828468786,-0.452660205436465,0.798736474544622,0.06099999999999994,959.2799999999997,-0.0010060975609756115,6.499630741639137,1.8944970303433357
4.094753401360545,0.05667250985076001,-1.212859973402496,0.05704545188867765,0.32699999999999996,294.0600000000002,0.0006890629293762014,5.474870894526937,0.22784004106776182,0.10822786336721807,-0.4470902213185113,0.8006701898378947,0.06199999999999983,978.7200000000003,-0.0009946075494307938,6.517861200933997,1.8940103675336433
4.094491065292097,0.05668017759194868,-1.2116980681720826,0.056666064522241016,0.32300000000000006,290.52,0.000698226504678115,5.464687056348359,0.22820860995850623,0.1082096452361534,-0.4501088049237323,0.7992020684848777,0.06099999999999994,967.3800000000001,-0.0010069860279441113,6.51010037959623,1.8944030064293544
4.094625085910653,0.05666660279578529,-1.21286391174578,0.057401715725558244,0.32299999999999984,290.70000000000016,0.0006976419701409262,5.464567477283034,0.22811018711018713,0.1083125258878499,-0.4467210303993552,0.8024443075266005,0.06099999999999994,973.2600000000002,-0.001000602772754672,6.506942883955203,1.8949904615582442
4.094440830449827,0.056540756595607915,-1.2110106967644796,0.06128911180733773,0.32199999999999995,289.6199999999999,0.0006968300516687631,5.457519458824747,0.22876146496815283,0.10821532091463028,-0.4647424208501634,0.7940778433828508,0.06099999999999994,947.6400000000003,-0.0010122699386503052,6.490199221886938,1.8955852777914228
4.094809931506849,0.056671470957998384,-1.2149881682604982,0.0532772951307512,0.32599999999999985,293.4000000000001,0.0006891556291390718,5.468694990912075,0.22816031088082903,0.10824722964257309,-0.4473409683927212,0.7996664779112402,0.06099999999999994,969.3600000000001,-0.000999205403257844,6.510486743927755,1.896092502353619
4.09437275862069,0.056811090308540854,-1.2142467187382147,0.05950977487902833,0.32299999999999984,290.8799999999999,0.0006979341150195472,5.460261080519698,0.22828767123287674,0.10828194574461454,-0.45665094895642344,0.7964562559922453,0.06000000000000005,953.8799999999997,-0.0010131712259371826,6.494078352121524,1.8959019762160523
4.094619655172414,0.05669357252280312,-1.2122218173557102,0.05904106604377688,0.32299999999999995,290.39999999999975,0.000698472747653079,5.460918206844683,0.2282819429778247,0.10812804067286044,-0.45653923191636325,0.7942112529119747,0.06000000000000005,952.3200000000002,-0.0010147601476014746,6.492549420460397,1.8955129422496029
4.09469587628866,0.05681191961022906,-1.2086157607012449,0.05658986965783996,0.32399999999999995,291.6,0.000697690595436838,5.465075950820048,0.2285552050473186,0.10807219308755588,-0.4596956020679728,0.7921056875214776,0.06099999999999994,954.48,-0.0010012135922330067,6.4987497880414065,1.8950099211165747
4.094906185567011,0.05675383296518819,-1.2115379991975146,0.05625044295224622,0.32299999999999995,290.7600000000001,0.0006976419701409211,5.465151513373493,0.22781501564129303,0.10807141366855474,-0.44976432284391166,0.8006809931898042,0.06099999999999994,961.3199999999997,-0.0010064412238325272,6.503569174354238,1.8944774334792724
4.0946,0.05658265160440109,-1.2103290291126736,0.05527383788985064,0.32699999999999996,294.0600000000002,0.0006868854729261853,5.475132417494011,0.22766448311156604,0.10799962260427243,-0.43887928397702103,0.8047251169637444,0.06199999999999983,979.2000000000003,-0.0009878389154704924,6.522062249513339,1.8936429663958236
4.094502749140894,0.05673892879278028,-1.2102455280077444,0.05883746522924224,0.32399999999999984,291.48,0.0006957186544342529,5.464858367374378,0.22763591331269353,0.10805426688746221,-0.4434592179284693,0.8023012419592698,0.062000000000000055,974.5200000000002,-0.001003391182924397,6.513012519522083,1.8933949786028579
4.094853287197232,0.056940613128507754,-1.224990656468793,0.05269221915775211,0.32399999999999995,291.4200000000001,0.0006975772765246449,5.456417365211161,0.2284847510373444,0.10823788561117138,-0.4534049401877711,0.7974896426655985,0.061000000000000165,969.3000000000002,-0.0009945750452079573,6.511527055739155,1.8932255076119806
4.094479310344828,0.05672393874820915,-1.2151514164323292,0.05647018692936397,0.32399999999999995,291.36,0.0006967155835080325,5.46143582715401,0.22721742268041237,0.10811272026953662,-0.43612344866347463,0.8088580540850271,0.062000000000000055,974.1599999999996,-0.0009915356711003632,6.511816313348071,1.8931040244140687
4.094544217687075,0.05681662366832667,-1.2121419118279553,0.05930815548167413,0.32800000000000007,295.26,0.0006881365262868132,5.474773034241794,0.22789927835051546,0.10807231403710615,-0.4426168102033339,0.8017619540235873,0.062000000000000055,976.5600000000004,-0.000989272943980927,6.5155107729105595,1.8928873828446078
4.094723103448276,0.0567429781530627,-1.2090140981962727,0.058801087665606565,0.32299999999999995,290.51999999999987,0.0007003620161514906,5.462007853572625,0.22768938605619146,0.10811673226551438,-0.4432070407508335,0.8033920622639452,0.06099999999999994,964.6800000000001,-0.0010077282896074824,6.504713984438482,1.8927580313585526
4.094207958477509,0.05669435114924211,-1.2108868364676066,0.05840397901426206,0.32100000000000006,289.32000000000005,0.0007011591744416153,5.456761854875411,0.22715036420395424,0.10783161663767069,-0.42865336163326306,0.8078415872155827,0.062000000000000055,965.8199999999997,-0.0010048426150121056,6.503601422829695,1.8926082814364484
4.094511805555555,0.0566819231870657,-1.2148703615832719,0.058856197402422455,0.31999999999999995,288.17999999999984,0.0007042851081883736,5.453622459251289,0.22745166320166318,0.10808073329172121,-0.4359346018968795,0.8062245952413963,0.06099999999999994,965.0999999999999,-0.0009985892785167266,6.504550685654759,1.8924344689729113
4.09451298245614,0.056796242832399445,-1.2136952034666444,0.06213702257098349,0.31799999999999995,286.79999999999995,0.0007124518613607184,5.442293070876046,0.2278157728706625,0.10814063799088502,-0.45367008135698184,0.7971755344494272,0.06099999999999994,959.6399999999999,-0.0010101010101010099,6.49412504185757,1.8922329298625562
4.094927210884353,0.05673101955099755,-1.2137374387785993,0.056357160576991694,0.32799999999999985,295.25999999999976,0.0006863953966296767,5.475262082189801,0.22830510725229824,0.10811508846546602,-0.44619267991966094,0.8008330863639319,0.06299999999999994,985.2000000000003,-0.000986234021632249,6.527047736755474,1.8917471170153803
4.094255281690141,0.05663709598061889,-1.2082706516412058,0.0679890980595678,0.31699999999999995,285.3599999999999,0.0007153106615009352,5.4390481517232265,0.22889680170575696,0.10841503256535129,-0.4716238395118686,0.7873693746516448,0.06099999999999994,951.9599999999998,-0.0010168802115110846,6.484010678774341,1.891546125480932
4.093979715302491,0.05656244917033476,-1.20593029269884,0.06937958482109013,0.31699999999999995,284.58000000000004,0.0007180812868016629,5.428800795306773,0.22835165421558168,0.10830788922632391,-0.4682507795154147,0.791942882372314,0.05999999999999983,951.8399999999997,-0.0010073710073710072,6.481112406144375,1.891483971704412
4.094088928571429,0.05642116863625401,-1.2047976132574907,0.06892455823539786,0.31499999999999995,283.5000000000001,0.0007207989578810221,5.425415418878332,0.22901548387096773,0.10851235496294687,-0.46510366424715244,0.792411181787237,0.061000000000000165,945.1799999999996,-0.001012773722627739,6.476360717874954,1.8921239626561883
4.09488275862069,0.05684785422793941,-1.207372286975883,0.05042536543169389,0.32899999999999996,295.74,0.0006882118841773008,5.461780941946472,0.22822474226804126,0.10828044442812437,-0.4393089941947843,0.804877089119634,0.062000000000000055,984.3599999999997,-0.0009834613112817494,6.516357513816504,1.8943093342790542
4.093832517482517,0.05653222880501248,-1.1987571888593267,0.07151318259529639,0.31900000000000006,287.0999999999999,0.0007170459424645778,5.4464363471519786,0.2286919093851133,0.10835942503480316,-0.4684902711839487,0.7889027822840643,0.05999999999999994,934.5600000000004,-0.001030078285949731,6.471437547915328,1.8958722815325333
4.094075347222223,0.05619351901901635,-1.1924873500540554,0.0769949170932588,0.32099999999999995,288.5400000000001,0.0007093253968253985,5.455758855790976,0.22916334792122536,0.10864438236075864,-0.47817008024737007,0.7857941242058055,0.05900000000000005,920.7,-0.0010338074623788911,6.455955908908816,1.8974558317459018
4.09737153024911,0.05535881378973342,-1.1620314601157893,0.0169845206859973,0.31399999999999995,282.78000000000003,0.0006956582050214997,5.451672675017942,0.22922645089285718,0.10857609259380976,-0.4800988518131617,0.7844233577090455,0.05700000000000005,902.3999999999999,-0.001047979797979796,6.438776558626117,1.8988269749046256
4.094577474402731,0.05678660586111353,-1.2149529015540579,0.053805943363822877,0.32799999999999985,294.89999999999986,0.0006881809405599225,5.471514397539634,0.2284186284544524,0.10836051678406415,-0.44677658768639184,0.8015583052678156,0.062000000000000055,983.0999999999995,-0.0009804496578690153,6.523955550207486,1.8994183236461784
4.097615658362989,0.055189062660802146,-1.1608621542563307,0.014019412611615715,0.31299999999999994,281.04,0.0006970584134950483,5.452158910769995,0.22993246899661782,0.10860246594195244,-0.494300898024004,0.7762617565043629,0.05700000000000005,893.0999999999999,-0.0010563380281690142,6.432144438039327,1.8948222761656965
4.094361805555555,0.05630500211710001,-1.1907724790567975,0.06837271678074665,0.32099999999999995,289.13999999999993,0.0007093401158683034,5.457254159346377,0.22970458515283843,0.10862252012607557,-0.4867464669772201,0.7813819697863712,0.05800000000000005,920.1599999999999,-0.001032430213464696,6.46361643994913,1.893212455589354
4.09481821305842,0.056927620696647856,-1.21589421148502,0.054679952421048256,0.32699999999999996,294.7199999999998,0.0006887052341597769,5.4647789033381216,0.22825658835546475,0.10832456123571524,-0.4629739915164022,0.7952468485628926,0.06199999999999983,987.3600000000006,-0.0009768081761006267,6.524822003579198,1.891378482247342
4.093737588652482,0.056474491874502715,-1.1944179559298265,0.08106115031140952,0.316,284.82,0.0007223427331887195,5.431329657438594,0.22820519618239662,0.10813637860632205,-0.4588029811254346,0.7933604606692226,0.06000000000000005,951.54,-0.0010101626016260174,6.487701324640933,1.891268724911732
4.094382332155477,0.05662561855950506,-1.2051768930984952,0.06741567454590147,0.31599999999999995,284.28000000000003,0.000720040281973812,5.435752566871908,0.22803119072708114,0.10804962435979795,-0.4436955109354681,0.8023406667449586,0.06000000000000005,956.5799999999999,-0.001010713563776028,6.494751546318757,1.89152336300618
4.094029225352112,0.056596443532493115,-1.205666545981518,0.06944138562723394,0.31600000000000006,284.1600000000001,0.000721619667389733,5.43937444395469,0.22813786919831222,0.10829150518604719,-0.4491227169959968,0.7999927217159556,0.06000000000000005,953.0999999999997,-0.000996791014841556,6.492194429579145,1.8919950315437
4.0941512367491155,0.056751044169878605,-1.2090669329698809,0.06810215275703582,0.31599999999999995,284.15999999999997,0.0007213822894168466,5.43513399201276,0.22787852631578948,0.10832191041392777,-0.4497440084721527,0.7997841416339143,0.05999999999999983,956.6399999999999,-0.0010137875101378768,6.492364926871462,1.8925363655373024
4.094435153583618,0.056648009882177004,-1.2089721479061648,0.06069393762020426,0.32699999999999996,294.24,0.0006912090959511948,5.4717453976577515,0.22759989506820566,0.10843428583324222,-0.4415198455974929,0.807158019615504,0.06000000000000005,960.48,-0.0009997988332327492,6.494098990522003,1.8932668214385266
4.094354416961131,0.05677754501825206,-1.2082928964754003,0.06561795401139157,0.31700000000000006,284.94000000000005,0.0007174630506528882,5.435778140017643,0.22815740343347637,0.10767999154084468,-0.4432567561695575,0.7996334323559897,0.06000000000000005,939.3000000000002,-0.001027863777089785,6.4799013115472714,1.89333072233451
4.094568309859154,0.056756991713893944,-1.2080695832725843,0.060207325507423214,0.31700000000000006,285.84000000000003,0.000714795772636385,5.4402292842303055,0.22862078891257998,0.10839883320944309,-0.46702283674926015,0.7909107044303938,0.06000000000000005,945.5400000000002,-0.0010162107396149945,6.4829200567476155,1.8932138466632993
4.094216140350877,0.0566389874325434,-1.2123036244522942,0.06588681513079507,0.31899999999999995,286.3800000000002,0.000711234515164458,5.442361953150348,0.2285023329798515,0.10806201184453823,-0.4566897367011209,0.794491113673197,0.06000000000000005,949.0800000000004,-0.0010193679918450574,6.490468822169802,1.892938338400244
4.094269152542373,0.05687461228888185,-1.2104310092226678,0.06440060681372207,0.32799999999999985,295.08000000000015,0.0006911074288870441,5.4764663067091055,0.227849474789916,0.10830905670547611,-0.44126120689243553,0.8043978276771439,0.06000000000000005,958.6799999999994,-0.001009460547504029,6.4951471472451985,1.8913860325181782
4.094602097902098,0.05676172990327893,-1.2145962114621511,0.060997267546467254,0.32200000000000006,289.25999999999976,0.0007041261794113492,5.446590029083276,0.22783591923485652,0.10806900610577766,-0.45314955932766576,0.7989365503231303,0.06000000000000005,954.4800000000002,-0.0010095470241722505,6.48456332886445,1.8907294565739134
4.0942461538461545,0.056709967882507886,-1.212562367015203,0.05776071480988514,0.32199999999999984,289.5,0.0007006055485142933,5.446385487971298,0.22849925768822907,0.10834550821835054,-0.4489017712193495,0.7984255809754599,0.06000000000000005,955.44,-0.0010140073081607802,6.488624370992952,1.8900798643705605
4.094674475524475,0.0567363607241549,-1.2131273236330697,0.05899384318632841,0.32099999999999995,288.9000000000001,0.0007034859302813961,5.447010209490867,0.2277481121898598,0.10828337017729903,-0.43598016326346833,0.8065847309520543,0.05900000000000016,939.3599999999999,-0.001036147052782914,6.468043890232547,1.8894868481114715
4.094591156462585,0.056798306390830666,-1.211815035705852,0.05942214445217678,0.32800000000000007,294.78,0.0006907031357922342,5.474633779118302,0.22767525773195876,0.10828743064290912,-0.44914925359097957,0.8014105039418868,0.06199999999999983,973.8600000000001,-0.0009962143853357234,6.512500338350808,1.8886592566570044
4.0946644827586205,0.05672151766403798,-1.2127550316192495,0.05835000871755013,0.32199999999999995,289.98,0.0007013479359730401,5.460914548483856,0.22799169262720662,0.1082637810448524,-0.4511261072467243,0.8002752189121826,0.062000000000000055,967.1399999999999,-0.0010048280024140032,6.507383583724416,1.8884659323733635
4.0944169550173015,0.05658741918576288,-1.2129666187901083,0.05946682162252843,0.32099999999999995,289.3800000000002,0.0007024968260685538,5.4574035699335885,0.22793110647181627,0.10818929282739487,-0.4511804468173648,0.8002551770879921,0.061000000000000165,961.8599999999999,-0.0010028163347415,6.502329858041602,1.8884116858574593
4.0945420689655165,0.05674955283915034,-1.2117039353655978,0.059702787246614576,0.32199999999999995,290.1600000000001,0.0007017543859649097,5.461138433032783,0.22778755144032922,0.10810880169287594,-0.4441019399720987,0.801336496377268,0.062000000000000055,975.8999999999999,-0.0009963985594237694,6.516390923550226,1.888488175817675
4.094541868512111,0.05677623727405693,-1.2119012539669163,0.05903522942102085,0.32199999999999995,289.8599999999999,0.0007016806722689083,5.457413990550917,0.22791745379876793,0.10813000124709866,-0.4397483000117668,0.8033502402186006,0.061000000000000165,976.8000000000002,-0.0009928443649373897,6.519470353702305,1.888687060962394
4.094491467576792,0.0566332006446074,-1.21317964379819,0.059927939866797016,0.32499999999999996,293.28,0.0006912760956726099,5.471200358971357,0.22778403707518027,0.10804315965708601,-0.4423682547441272,0.8034304134924422,0.06099999999999994,976.1999999999998,-0.0009992054032578485,6.516302803349703,1.8894107831718783
4.094347586206896,0.056753442043886417,-1.21106294087514,0.05962982013418019,0.32299999999999995,290.51999999999987,0.0007002801120448225,5.460529525005303,0.2284265477439664,0.1084050767714492,-0.458504991442628,0.7955172214170548,0.06000000000000005,957.48,-0.0010082428628870122,6.498220834862548,1.8898717268514211
4.0948204152249135,0.05674503254177134,-1.212302329070919,0.0578890200145108,0.32299999999999984,290.93999999999994,0.0006968810916179308,5.4574872944028705,0.22763071354705275,0.10812508219653715,-0.43543948256496456,0.8064102203591489,0.06300000000000017,980.4000000000003,-0.0009950248756218903,6.51077464429806,1.8903272789450254
4.094174825174826,0.05667989304258687,-1.2117005271317751,0.06318994562398325,0.32099999999999984,289.20000000000005,0.0007001265288907606,5.446715569202646,0.22777386722866175,0.10834394045349166,-0.43966727324689625,0.8085971404247859,0.061000000000000165,964.56,-0.0010034115994380908,6.491839154583676,1.8907218873590863
4.094484827586207,0.05667356110585031,-1.2101799368106545,0.05711186771602546,0.32699999999999996,293.52,0.0006923611111111074,5.461805125580229,0.22876130389064145,0.10848772760543826,-0.44897239781684073,0.8004047136042355,0.06099999999999994,963.8999999999996,-0.0009968385694526798,6.498191083885447,1.8911194381659793
4.0946695804195805,0.056785981641711225,-1.2101398213780037,0.059552444916422476,0.32200000000000006,289.2600000000001,0.0007041261794113481,5.446451536003023,0.22852724358974358,0.10815509170856301,-0.4604910637802129,0.7944477865982016,0.06000000000000005,948.3600000000001,-0.0010060975609756091,6.4826531470901765,1.8910915167225044
4.094557894736842,0.05670329780121064,-1.2122875599879974,0.057719165292887634,0.32000000000000006,288.18000000000006,0.0007059155724975327,5.444114320369302,0.22814851694915256,0.1082085891645714,-0.4620897263525592,0.7955673978520311,0.06099999999999994,955.8000000000002,-0.0010010070493454166,6.488476617847537,1.8909409239268724
4.094514736842105,0.056744823030125145,-1.2107046270623996,0.06210729625564883,0.31999999999999995,287.76,0.0007077335591306789,5.442677878909791,0.22794475079533408,0.10816364929179874,-0.44559731993166674,0.8014923580956824,0.06099999999999994,955.3199999999999,-0.0010101626016260153,6.486838388399503,1.8906923480363795
4.09401519434629,0.0566102072437899,-1.2083021049697564,0.06769572621208778,0.31799999999999995,286.26,0.0007134703196347008,5.435623558123511,0.22787707006369426,0.10843554879648794,-0.43730712214025225,0.8051253825944981,0.06099999999999994,955.98,-0.001006650544135432,6.483494897106145,1.890370477308323
4.094501374570447,0.05685108417001766,-1.2128089068699852,0.06317299399321924,0.32699999999999996,294.3600000000001,0.0006944444444444409,5.4637235205863535,0.2275741701244813,0.10797388855066369,-0.43377266282648064,0.807556354067753,0.06199999999999983,978.6599999999999,-0.0009919678714859447,6.508541267424423,1.8896142203854984
4.094036298932385,0.05662028011331212,-1.2061537509846747,0.07372389008944295,0.31599999999999995,284.76,0.0007177825773938105,5.427797522707074,0.2280046486486486,0.10845235790496591,-0.4554001397778724,0.7987066611587675,0.05900000000000016,937.5000000000005,-0.0010324302134646934,6.465672851299611,1.8892809068060719
4.094511827956989,0.05660165185501147,-1.2057978864871635,0.06499824141456953,0.31399999999999995,282.0000000000001,0.0007217904432930325,5.42227400632278,0.22774553283100107,0.10828828944913899,-0.4532874696784637,0.7997949773845727,0.06000000000000005,943.8000000000004,-0.0010151608276992403,6.469597844010799,1.8890764436197642
4.094204593639576,0.05663286775669443,-1.2076848120502994,0.06605184130112436,0.31500000000000006,283.32000000000005,0.0007223183391003463,5.436278476783427,0.22762760084925693,0.1081726769994783,-0.4394004297822951,0.8061930607712954,0.06000000000000005,945.7199999999998,-0.0010361470527829135,6.484423835702174,1.8890772151846205
4.094066784452297,0.056682326838965714,-1.2036376350014335,0.07044397126638169,0.31399999999999995,283.02000000000004,0.0007250144425187723,5.435840223051512,0.2286639572192513,0.10829282848332089,-0.4662669416808809,0.7912926434607277,0.06000000000000005,939.1800000000001,-0.0010222897669706175,6.478867066947554,1.889359605858684
4.094717406143344,0.05679351622696097,-1.213087103038991,0.06320893246222696,0.32699999999999996,293.75999999999976,0.000693062465450525,5.470670125872488,0.22817417695473252,0.10845090705281234,-0.45041761338436004,0.8005866828412571,0.062000000000000055,976.8000000000002,-0.0009956581803828685,6.516384177795439,1.8910301617735075
4.093625263157895,0.05647044555714058,-1.1985805318069511,0.07816843191808842,0.31700000000000006,285.71999999999997,0.00071941928992382,5.442858863373363,0.22875931108719053,0.10850967555911871,-0.47058808547663,0.7897031457848168,0.05999999999999994,932.9999999999998,-0.0010317948717948721,6.47321464959729,1.8923033745717261
4.093609090909092,0.05617383908080033,-1.1876505372778792,0.07863963524290861,0.31999999999999995,287.52,0.0007146953405017883,5.448664261374618,0.22917616468039,0.10844939014478958,-0.48224641967453374,0.7821637371074122,0.05900000000000005,926.4000000000001,-0.00102067977067977,6.468812038517218,1.89362830159407
4.0972375,0.05534776341622641,-1.1649749895172776,0.020706635170610836,0.31199999999999994,280.62,0.0006989924433249363,5.4464866149436455,0.2292371554575524,0.10859960557298348,-0.4832621355018887,0.7839780515689128,0.05800000000000005,911.5799999999999,-0.0010401002506265668,6.451259368558643,1.8948136060399543
4.094279109589041,0.056706655119338555,-1.2129399658344493,0.0633570120094541,0.32499999999999996,292.31999999999994,0.0006950236308034443,5.467320334220107,0.22774317492416582,0.10811189830231718,-0.4245094012687316,0.8095339258516132,0.06299999999999994,992.8800000000001,-0.0009852024922118357,6.533967865688535,1.895677169557508
4.0972196428571435,0.055175145218408335,-1.1633549739854634,0.015610109223938774,0.31099999999999994,280.02000000000004,0.0006989473684210502,5.4474770134898085,0.2290627959413754,0.108565798357572,-0.47583358951928467,0.7882428477550397,0.05700000000000005,891.4200000000001,-0.0010597302504816977,6.428391339344103,1.8920387310259326
4.09413519163763,0.05608604435423075,-1.1908170092713724,0.07259342450572102,0.31899999999999995,287.15999999999997,0.0007117463026166121,5.453252471127575,0.22885703463203463,0.10829767580476087,-0.4766448895067006,0.785790339431789,0.05900000000000005,928.4999999999998,-0.001025481665630825,6.469589853278638,1.8904732193357743
4.094568367346938,0.05683746536188095,-1.21343214612868,0.05730538194258646,0.32699999999999996,294.8399999999999,0.0006901798063623802,5.4746620428415325,0.2281208588957055,0.10790107496218193,-0.43365155163149405,0.805150907290779,0.06299999999999994,983.6399999999999,-0.0009916367980884152,6.526783115009579,1.887751900737201
4.093983098591549,0.056655850700238757,-1.1995969904203023,0.07352041781126292,0.316,284.7,0.0007230392156862737,5.439258717160838,0.2289836188436831,0.10849085298464807,-0.4694487288571647,0.7900409550548779,0.06000000000000005,938.6400000000003,-0.00101440454453236,6.478167866729661,1.8867483198742556
4.093848936170213,0.05654553693347704,-1.2025810991109345,0.07360532217923065,0.31299999999999994,282.30000000000007,0.000726216412490926,5.43204514211598,0.22883563096500534,0.10841730805501318,-0.45127329168614727,0.7987672774630129,0.061000000000000165,947.4599999999998,-0.0010070281124498002,6.4903420625016945,1.8859802983901126
4.094124734982332,0.056564436093569204,-1.205379390108789,0.06875923742090435,0.31500000000000006,283.44000000000005,0.0007222222222222242,5.435523925762583,0.22859392971246006,0.10832581998390638,-0.4617005539489121,0.793737549244604,0.06000000000000005,942.1800000000003,-0.0010125939467804182,6.4848316610913255,1.8854388772637227
4.093951773049645,0.05646469128671935,-1.2051401484457123,0.07069377815442959,0.31299999999999994,282.36,0.0007219561747206492,5.432101421819493,0.22806673640167363,0.10835521287474523,-0.4530638742599269,0.8006884795573493,0.06000000000000005,960.7799999999997,-0.0010100401606425715,6.500057647634845,1.885115097474035
4.0945547945205485,0.05652767667644966,-1.2100615064292324,0.059418618035997094,0.32600000000000007,293.94000000000005,0.0006929385599110326,5.470471719614899,0.22860203458799594,0.10848521150315305,-0.45287171931920867,0.8008467161488303,0.06299999999999994,986.94,-0.0009748792270531363,6.530450067362027,1.8850744867529472
4.094350877192982,0.05676279150315401,-1.2081254290535928,0.06913685735695395,0.31700000000000006,285.29999999999995,0.0007157157157157114,5.442078876737385,0.22829561128526646,0.1080294225449212,-0.455019177123424,0.7965411788355343,0.06099999999999994,960.3599999999999,-0.0010024375380865347,6.504241911145601,1.8852789033737332
4.094007719298245,0.056707962342549524,-1.2093530606353198,0.06773192787772025,0.31700000000000006,285.48000000000013,0.0007154088050314484,5.442297129718683,0.22786909650924025,0.10809645001078061,-0.4445693466387799,0.8020210003772438,0.062000000000000055,977.94,-0.000980975029726518,6.519328926852934,1.885543456435595
4.094128125,0.05669734164193373,-1.2105187980174457,0.06399082269595653,0.32100000000000006,288.2400000000001,0.0007087959009393653,5.45330200886543,0.22660671487603307,0.10809391360967506,-0.40764944234267286,0.8217420529456843,0.06099999999999994,974.5799999999999,-0.0010115783059110321,6.506942333845214,1.8857983525117685
4.094080208333334,0.05674692959105499,-1.2121071217172827,0.06504947237328654,0.32099999999999995,288.9599999999999,0.0007064909297052115,5.452662597147317,0.22777111344537815,0.10847337354626774,-0.43314136101351197,0.8094109816174114,0.06000000000000005,957.3600000000001,-0.001006421834236403,6.493975553448022,1.885973798175491
4.094392517006803,0.056772663475958836,-1.2117666974623,0.06185344620487632,0.32699999999999996,294.24,0.0006933499239596279,5.473967295695177,0.2281408713692946,0.10808158758245759,-0.4575037620866631,0.7952642040262767,0.062000000000000055,967.98,-0.0010040160642570241,6.5100808760105275,1.8858355679057504
4.094353287197232,0.056745346878035036,-1.2084095749948505,0.06279893804517701,0.32199999999999995,289.8600000000001,0.0007034220532319373,5.457393038652276,0.22760176165803112,0.10785932743639409,-0.4410670127770344,0.8029654151005844,0.062000000000000055,968.52,-0.0010036496350364957,6.510249541090696,1.885552725202075
4.094230555555555,0.05648367362169769,-1.207451847185533,0.06217029065564681,0.32199999999999984,289.7399999999999,0.0007019015659955231,5.453976549774339,0.22718383110195672,0.10805690588062683,-0.43593531420579135,0.8075230651844877,0.062000000000000055,973.6199999999999,-0.0010036607687614408,6.512644267885086,1.8852520985455237
4.094385416666666,0.05684340449470467,-1.2128592610676878,0.05468508778236837,0.32299999999999984,290.4599999999999,0.0007029046813310795,5.452830177433944,0.22760422680412373,0.10802573401249468,-0.44471142214770776,0.803196053031866,0.06099999999999994,975.1800000000001,-0.0009945750452079573,6.514334811547248,1.8850343145926487
4.0941520408163266,0.05663968686785023,-1.2112130842714095,0.06358947019329225,0.32699999999999996,294.4200000000001,0.0006903270702853146,5.473977533244646,0.22822852697095436,0.10834265684401992,-0.44978931172041126,0.7999835979949866,0.06099999999999994,968.8800000000001,-0.0009844457570387837,6.509313556485422,1.8852068089159084
4.094243448275863,0.05663399711735613,-1.2097298820156466,0.06267551016045445,0.32299999999999984,289.98000000000013,0.0007014590347923648,5.460769729746219,0.2283327442827443,0.10837990670457415,-0.4483824181923559,0.7998012265793137,0.06099999999999994,966.0000000000002,-0.000995039682539683,6.505363656082376,1.8855405054558207
4.09442,0.05682162300902107,-1.2110989241505867,0.06268629757166817,0.32299999999999984,290.51999999999987,0.0007020859582808331,5.460587147707988,0.22759173553719012,0.10801083046534897,-0.4434824142642406,0.8027752332500803,0.06099999999999994,970.9200000000001,-0.0010018270401948846,6.512024359916396,1.8858438812269607
4.094384083044983,0.05659195190136972,-1.2109703410862245,0.0636687607905442,0.32199999999999995,289.80000000000007,0.0007026074700493268,5.457454860152907,0.22776028659160696,0.10805097644096612,-0.4409511981529515,0.8034188745136215,0.062000000000000055,980.5799999999997,-0.000980333730631706,6.522109588074063,1.8859597278365539
4.094092068965518,0.05660166354807105,-1.2091154732289107,0.06805585322516076,0.32399999999999995,291.78,0.0006988120195667334,5.459534143057207,0.2276915991902834,0.10807114522122173,-0.4335486429150337,0.8080813689675775,0.06299999999999994,990.6599999999999,-0.0009885669229252926,6.5334057090562405,1.885730836891825
4.094294539249147,0.05672983069176849,-1.214931678827039,0.06671191346816195,0.32899999999999996,295.6199999999999,0.0006912760956726149,5.469822797390453,0.22818884339815762,0.10842925804598263,-0.4522966701164908,0.8016394305295599,0.062000000000000055,981.54,-0.0009763718023823468,6.52218091673836,1.8836874941076054
4.0941768965517245,0.05665833521194652,-1.212130909305551,0.06281570502734374,0.32199999999999995,290.0400000000001,0.0007000561167227844,5.460252981492216,0.22753043922369764,0.10822545676618026,-0.43732953725736046,0.805320549161625,0.06299999999999994,981.8400000000001,-0.000989304812834225,6.521514218183302,1.8820235375183731
4.094578546712803,0.05687714456931311,-1.2131441466550392,0.061916848425124245,0.32200000000000006,289.6799999999997,0.0007033767689505377,5.456951486259616,0.22742344689378757,0.1079853966196768,-0.43581490131829215,0.8056474609895972,0.06400000000000006,1001.4600000000003,-0.0009805068226120847,6.541946258856747,1.8803158338753387
4.094048275862068,0.056682456817082755,-1.2122792532406188,0.06203529315657833,0.32300000000000006,290.22,0.000700564971751411,5.459794155256606,0.22731865596790374,0.10802047009190259,-0.4444984652929356,0.805319827093452,0.06299999999999994,1000.4400000000003,-0.0009688109161793364,6.540415851670951,1.878872086821536
4.094036486486487,0.05667457620181399,-1.211624974588803,0.06710229485425037,0.32999999999999985,296.81999999999994,0.0006884207627702089,5.480150578804421,0.228275,0.10835520836838235,-0.4527063588897873,0.7999823086341481,0.06400000000000006,1012.2599999999998,-0.0009553656220322872,6.554230435887649,1.8779146671095133
4.094235395189004,0.056805085605225715,-1.2129345301161634,0.061562169062162546,0.32300000000000006,291.29999999999995,0.0007003508771929833,5.463122736581777,0.22791653465346534,0.10784366771952489,-0.4313357337132957,0.8077366824959007,0.06400000000000006,1013.0999999999999,-0.0009628770301624148,6.558639317024854,1.8784607420718544
4.0943747404844295,0.05673902758446099,-1.2114498430533154,0.06461135332794306,0.32200000000000006,289.79999999999995,0.0007048303055907578,5.456153877109579,0.2275553516819572,0.10817749546170237,-0.4342467139304751,0.807957697231599,0.062000000000000055,985.6799999999996,-0.0009868162140889427,6.524491510650954,1.8793902688645476
4.094077697841727,0.05660787631493622,-1.2065393347268039,0.06719124698460369,0.31799999999999995,286.19999999999993,0.000714285714285714,5.4181080855087345,0.22842728237791932,0.10838854465468088,-0.4600393179915683,0.7938333585893789,0.062000000000000055,969.1800000000001,-0.0009920634920634922,6.486097055454148,1.8814078538510945
4.094048432055749,0.05667001360324894,-1.2114462907757193,0.06400648357948388,0.32800000000000007,294.72,0.0006895356895356892,5.449674425151212,0.22819347150259067,0.10840207189228139,-0.4486280336143178,0.8001608174186405,0.06299999999999994,992.3400000000001,-0.0009799882283696292,6.509612362270388,1.8820620211178027
4.09427725631769,0.056669827406836036,-1.2063560372174242,0.07166800082584834,0.31599999999999995,284.58000000000004,0.0007186873029521338,5.414255969263113,0.22834762908324555,0.10846805664379537,-0.4526542801717892,0.7986493578228661,0.062000000000000055,976.2,-0.0009903808402041611,6.493210492466438,1.8817371973242432
4.094247826086956,0.05656803998237891,-1.207113638692387,0.06952648245885329,0.31499999999999995,283.55999999999995,0.0007205459770114934,5.410708091223249,0.22809635974304066,0.10832658729811648,-0.4465319834998107,0.8017378194289293,0.06099999999999994,960.5400000000002,-0.0010084797092671095,6.477117411193656,1.8812470559675014
4.0937336956521735,0.056603152490381684,-1.206400473423614,0.07130436087075256,0.31500000000000006,283.20000000000005,0.0007242279251848625,5.409835299865538,0.22850216684723726,0.10814720804774638,-0.45966203718738985,0.7941127496305977,0.06000000000000005,949.8,-0.0010070707070707072,6.468164935204314,1.8808131243957593
4.093761454545454,0.05656789681976494,-1.2067011818105222,0.07231562383802966,0.31399999999999995,281.99999999999994,0.0007255589653660637,5.406263777893736,0.22846206163655688,0.10824751400669472,-0.4584015653464997,0.7943372203124105,0.061000000000000165,967.7399999999998,-0.000990883868410622,6.486541722199503,1.880656929957198
4.093998958333334,0.0566875944715463,-1.2113050934329714,0.06525696570232963,0.32899999999999996,295.68000000000006,0.0006880288528228592,5.452778960314401,0.22752896907216494,0.10807451379454307,-0.4414291043092784,0.8037660284448974,0.06299999999999994,997.8000000000002,-0.0009711595055915199,6.513327692596243,1.8819807669377915
4.093875627240143,0.05654290515011103,-1.1992657498262143,0.07670128423332304,0.31800000000000006,286.2599999999999,0.0007200402819738129,5.421639701137892,0.22858133764832794,0.10836114050460031,-0.46424174770404036,0.791935860536952,0.061000000000000054,953.4000000000001,-0.0010113268608414202,6.471188960958001,1.8834052834459871
4.094345714285714,0.05621965959066092,-1.1916409793284166,0.07252382765468277,0.31999999999999995,287.4,0.0007120567375886497,5.42851434795542,0.22863982589771492,0.10823954152069158,-0.46791545610780183,0.7903084691272931,0.06000000000000005,946.0799999999999,-0.0010089050799433298,6.463811835291382,1.884996507265446
4.0975186813186815,0.055398348143384735,-1.161819146002762,0.012947846236924082,0.31099999999999994,280.26,0.0006982265046781152,5.4228706548705405,0.22889315673289182,0.10847372901741938,-0.4665681103672332,0.7907276772799617,0.05900000000000005,931.9799999999998,-0.0010304330065359498,6.449281507284039,1.8864773961370278
4.094304895104895,0.05684119988186365,-1.2159600471171579,0.0591322169838937,0.32800000000000007,294.9000000000001,0.0006919023849140329,5.445868851254975,0.22826919917864474,0.10779416719130731,-0.43816846513360286,0.8023124213863655,0.06399999999999983,1002.7199999999998,-0.0009654234654234693,6.523809044587011,1.8875704666865847
4.097646296296297,0.05525996914572323,-1.1662563263877723,0.010600207764094018,0.30899999999999994,278.04,0.000700574471066278,5.4116936221317795,0.22921091314031183,0.10867095372636927,-0.4791168901026861,0.7844397316994848,0.05900000000000005,921.78,-0.0010304330065359474,6.440190032149378,1.882832846611684
4.093814695340502,0.05618516653146833,-1.1929346424366796,0.07163870064678958,0.31899999999999995,286.68000000000006,0.0007129509846198051,5.424486254011767,0.22885087336244544,0.10834408277410909,-0.47607344705402443,0.7856702344390617,0.06000000000000005,942.3599999999999,-0.0010079656862745092,6.460317428945772,1.8808372166142082
4.094175261324041,0.05670869490557318,-1.2124146509238167,0.06588515972996421,0.32800000000000007,294.60000000000014,0.000692595673876871,5.448494029709737,0.22876126760563384,0.10828342588192885,-0.45439197100169215,0.794673439583578,0.06499999999999995,1022.8199999999997,-0.0009444444444444461,6.542903868011901,1.8775012552047574
4.093872101449275,0.05638251846394888,-1.2034680226480687,0.07205964152630752,0.315,283.14000000000004,0.0007202898550724649,5.410959648698661,0.22912922912205563,0.10811115003717599,-0.463176820451634,0.7910298168537766,0.061000000000000165,960.1800000000003,-0.0009879879879879873,6.483969870631728,1.8763613743201166
4.093938545454546,0.056714386548041444,-1.2061390181536922,0.07286805915522042,0.31399999999999995,282.48,0.0007287567409998515,5.406469294789949,0.22831874345549738,0.1080102488567958,-0.452828617404073,0.7966481179884947,0.062000000000000055,983.1599999999999,-0.0009843533372945134,6.502545598444504,1.8755608328516986
4.093763768115942,0.056576989282181536,-1.2059013651997175,0.07212851359386355,0.31400000000000006,283.31999999999994,0.00072391304347826,5.4097995236778775,0.22793056722689076,0.10811430430167987,-0.44098972159203376,0.8023698106198498,0.062000000000000055,979.3800000000003,-0.0009922526817640045,6.496691936291116,1.8750801063051257
4.093629818181818,0.056694262512049017,-1.2089368311456472,0.07296410910346039,0.31499999999999995,283.08000000000004,0.0007272064186724977,5.405029594304108,0.22750020576131688,0.10805365312977704,-0.42783095138907923,0.8108875643183158,0.06299999999999994,1000.6200000000001,-0.0009765094156474454,6.5161808306815185,1.8748996701860188
4.094114878892734,0.05681625717747177,-1.211317756994033,0.06792679150561973,0.32899999999999996,296.6399999999999,0.0006895127993393886,5.455938580604428,0.22653272727272725,0.1079561776021223,-0.41208396628981925,0.8169412666883756,0.06400000000000006,1018.6200000000003,-0.0009678668215253564,6.529374823104796,1.875345808790683
4.0942845323741,0.056731029646757906,-1.2082473314690967,0.06800484487991704,0.31699999999999995,285.48,0.0007163242009132387,5.417077259052581,0.2276623554153523,0.10779125741888895,-0.4342736416188946,0.8075208325419913,0.06199999999999983,979.9200000000001,-0.0009801587301587306,6.49715579179756,1.8758387597536534
4.09404229390681,0.05677242253356282,-1.2107158855818456,0.06796042743906633,0.31800000000000006,286.4999999999999,0.000712555223029789,5.42069506957605,0.22788668076109939,0.10837331187825006,-0.4498518225906536,0.7995037990259178,0.062000000000000055,974.28,-0.0009938565200158535,6.487768909502934,1.8763647536224917
4.094027499999999,0.056751821816257896,-1.211693509018401,0.06552020302143392,0.31900000000000006,287.5200000000001,0.0007106164383561611,5.424200793921344,0.22759151832460733,0.108044764531748,-0.44675271156623975,0.8005684962199504,0.06199999999999983,983.04,-0.000995592948717947,6.49793920152923,1.876809691130776
4.094322775800712,0.056750280048061125,-1.2102914809109433,0.06591281193966685,0.32000000000000006,288.36,0.0007076073098172534,5.428858687568981,0.22793068893528182,0.10834562908633691,-0.455372712243431,0.7981277767466312,0.06199999999999983,986.28,-0.0009727129956811922,6.500944541416528,1.8770594730120855
4.094366202090591,0.05674452811453929,-1.2113319031381362,0.06355107881609702,0.32699999999999996,294.72000000000025,0.0006931723563696905,5.450168610142832,0.22773876923076924,0.10794105017244997,-0.4501372164073931,0.7995513372258629,0.06399999999999983,1004.6400000000003,-0.0009648611920015531,6.520461193160498,1.876564610130387
4.094249469964664,0.05667854204806548,-1.2111821152399136,0.06339994580094624,0.32200000000000006,290.34000000000015,0.0007014211340931428,5.434907049003373,0.22777719298245616,0.10833987240389463,-0.44229485431522697,0.8048904467524356,0.06300000000000017,996.8399999999999,-0.0009730306558013179,6.512181127281001,1.8758763906482685
4.094352836879433,0.056549976100053786,-1.2108515405419402,0.06190045933139344,0.32199999999999995,289.7400000000001,0.0007000140706345845,5.432464140603646,0.22774764826175867,0.10793982673647766,-0.44350030882475266,0.802298901230779,0.06300000000000017,1006.6800000000003,-0.0009580663948747819,6.523890510989961,1.875105866100957
4.0945929078014185,0.05674775609696953,-1.2115700507798064,0.06160276660323529,0.32200000000000006,289.5,0.0007038288288288261,5.43252417695896,0.22742471910112358,0.10786276512261105,-0.42483723169694887,0.8107119265725877,0.06400000000000006,1007.2800000000002,-0.0009753732790382019,6.52439670077393,1.8744235610357634
4.094103125,0.05670539629877423,-1.2095579360255975,0.06956745649134921,0.32899999999999996,295.74000000000024,0.000691327237461901,5.452961890941614,0.22782597137014315,0.10852803667583247,-0.4507697832538855,0.8054201743243656,0.06400000000000006,1007.9999999999995,-0.0009604035789072914,6.520843820505318,1.8739573666472151
4.094103533568904,0.05672384085893256,-1.2132221466691318,0.06433089181736656,0.32200000000000006,290.4000000000001,0.0007019392917369297,5.434933573637047,0.22798645294725955,0.10823964322079146,-0.4468058317874677,0.8014802850325984,0.06299999999999994,996.1800000000001,-0.0009794117647058827,6.511794319642551,1.8742244810559032
4.094193617021276,0.0566685313161289,-1.213120452178889,0.06093452509778283,0.32100000000000006,289.38,0.000701309674693703,5.432136827902787,0.22767253086419756,0.10815660121981407,-0.43092551965846715,0.8085419799838474,0.06299999999999994,999.8999999999999,-0.0009735973597359759,6.516289199906832,1.8746818224107948
4.094137234042552,0.05661271688337217,-1.2116011358446783,0.06289984439263466,0.32299999999999995,289.91999999999996,0.0006995364517488389,5.432489031339067,0.22805329153605017,0.10815468817786042,-0.44601966230124646,0.8011874399665535,0.062000000000000055,984.7200000000003,-0.000989797920345301,6.502339811606895,1.8752098698966204
4.094130742049471,0.0568109263412082,-1.2093684262874504,0.0679410251776016,0.32300000000000006,290.76,0.000704344158582877,5.435009692597445,0.22738899176954736,0.10788774006812898,-0.4428711159057839,0.8034584083398757,0.06300000000000017,999.78,-0.000970997452478932,6.515933731460846,1.8756891026981117
4.094386851211072,0.05678935307746601,-1.2114653726502949,0.06646933784350194,0.32999999999999985,296.82000000000016,0.0006884207627702016,5.455904390549168,0.22738721649484536,0.10832837507731423,-0.43449267505274536,0.8133594639015204,0.06400000000000006,998.8800000000006,-0.0009604190919674007,6.512011644497244,1.8760562711831679
4.094445070422536,0.056808156374140856,-1.2113034692879165,0.06257916139552337,0.32399999999999995,291.48,0.0006992176585638407,5.43939619476286,0.22716759259259264,0.10792496321207548,-0.424328940277896,0.8134143350513261,0.06299999999999994,1001.5799999999999,-0.0009619491360900794,6.515316529866169,1.875904546413107
4.094311660777385,0.05664861786865675,-1.211734219217545,0.06467397351187959,0.32200000000000006,290.4000000000001,0.0007014211340931501,5.435126565457465,0.22775991861648015,0.10790487484376841,-0.4360721684746549,0.8041753190325064,0.06400000000000006,1012.3199999999999,-0.0009701202949165701,6.5294733001065035,1.8756246860514625
4.094483392226149,0.05668188435412586,-1.2115117929800592,0.06351125339185067,0.32299999999999995,290.88,0.0007019392917369297,5.435671117275467,0.22764002057613167,0.10819554443980163,-0.43650785357007305,0.8053760172649996,0.06300000000000017,1000.8600000000004,-0.0009735973597359737,6.515301572476646,1.8752965504598789
4.09422543554007,0.056775635334775844,-1.2110854967284985,0.06622393955545805,0.32800000000000007,294.5999999999999,0.0006932889628397079,5.449300716938076,0.227128936605317,0.10812545746132558,-0.42541873234672245,0.8142480063388654,0.06299999999999994,1008.3600000000001,-0.0009609784507862598,6.519910034336039,1.8747947276017178
4.094295035460993,0.05676067003917954,-1.210322376759246,0.06428994693568967,0.32199999999999995,289.5000000000002,0.0007056423244688313,5.432049956929209,0.2272265784114053,0.10803732899568018,-0.43498725804121463,0.8073975992545148,0.06400000000000006,1012.26,-0.000962834585018293,6.5243947607450234,1.8746597564679126
4.094358156028369,0.0567039695610074,-1.2101389066967223,0.0658942388977577,0.32100000000000006,289.26,0.0007059403153153145,5.431924158528031,0.22759844236760124,0.10801169135818404,-0.4298005306738535,0.809922183967339,0.06199999999999983,991.0799999999997,-0.0009745098039215686,6.507866779541825,1.8745539423697113
4.094375886524823,0.056751775553452004,-1.2089777413474214,0.06577812727976423,0.32100000000000006,289.44000000000005,0.0007056423244688318,5.431532405075033,0.2276265770423992,0.10809486348031211,-0.4357733964496795,0.8057475849618989,0.06299999999999994,996.9599999999998,-0.0009786651008025045,6.510917471154799,1.8744361410782406
4.0940345323741,0.056550642246135374,-1.2080304891995384,0.06901808410323666,0.31700000000000006,285.72,0.0007152089616544571,5.417441366240059,0.2276689330543933,0.10810975839952988,-0.4467776893958777,0.801640962392959,0.062000000000000055,983.0999999999999,-0.0009774212715389185,6.499146711212681,1.8742652083646276
4.094035763888889,0.056591276493033055,-1.2109225457176336,0.06720779990717606,0.32899999999999996,295.8000000000002,0.0006881496881496838,5.452377646552492,0.2270710685483871,0.10823813789802741,-0.4299167184984034,0.8123868051811548,0.06400000000000006,1021.6199999999999,-0.0009428571428571432,6.532678980869138,1.8736265713650953
4.094237184115524,0.05671960761588248,-1.2092286738819458,0.06907694525407324,0.31599999999999995,283.98,0.0007221022318214532,5.414581297712042,0.22764927536231883,0.10822075492039941,-0.43950126375197307,0.8071205079155129,0.06299999999999994,994.56,-0.000982704402515723,6.509557670973975,1.8732397762790958
4.0938725631768955,0.056623443993416823,-1.2072756286429798,0.07295743037508282,0.31599999999999995,284.28,0.0007214254671881765,5.4136687847717475,0.22795041580041578,0.10795987331499078,-0.4364876522239922,0.8054388855425629,0.06299999999999994,989.8199999999997,-0.0009886341367822881,6.508947474875538,1.8729616681707935
4.093949454545455,0.0565222056900305,-1.2073320868577841,0.07157801340277543,0.31400000000000006,282.3599999999999,0.000724322758221061,5.406568988769627,0.22802637021716649,0.108324450778973,-0.4483937445997066,0.8011387303708075,0.06400000000000006,996.1799999999998,-0.0009747327502429534,6.511384470364298,1.8729143004689817
4.09403152173913,0.05654669661159982,-1.2040133648344444,0.07415881080301964,0.31499999999999995,283.13999999999993,0.0007228741127046223,5.4099716691913144,0.22760654885654885,0.10815801046331587,-0.4397099756564429,0.8048743682026063,0.062000000000000055,990.3600000000001,-0.0009897979203453006,6.505012264044348,1.8732197266024526
4.094014583333333,0.05685520836196052,-1.2108809285678235,0.07008770472522549,0.32799999999999985,295.79999999999995,0.0006940980881130506,5.451694042883743,0.22755269035532996,0.10824694673538632,-0.42670089674429335,0.8128755182451345,0.06400000000000006,1013.8200000000002,-0.0009591013824884768,6.528835271853339,1.8753147276786413
4.093898194945848,0.056509477467706126,-1.2002127173147057,0.07453241439294464,0.31600000000000006,284.64,0.00072391304347826,5.41474866598479,0.2286326902465166,0.1082968658859314,-0.4655994666862435,0.7906303937769318,0.06099999999999994,959.22,-0.0010087982403519302,6.478330398019187,1.876973731008298
4.093733691756273,0.05624225899096492,-1.1929210192515405,0.07510105146522705,0.31900000000000006,286.5,0.0007176724137931026,5.423764181078573,0.22802794432548182,0.10815078577257782,-0.4571689559227483,0.7985532125215936,0.06000000000000005,960.96,-0.0009943977591036414,6.477895328031798,1.8787243849471154
4.097223420074349,0.05525577439432438,-1.162286279958387,0.02133759365863376,0.30900000000000005,277.38,0.0007027520359449614,5.407050246649714,0.22876115973741795,0.10859546612940564,-0.46951896522270475,0.7907899961271952,0.05900000000000005,940.3800000000001,-0.0010161616161616163,6.456393027963617,1.8803140644532408
4.094078472222222,0.05685764773536828,-1.210297078916992,0.07132780705201947,0.32799999999999985,295.7399999999998,0.0006939822518025472,5.452143623049524,0.22793940936863544,0.10822631218207054,-0.4417056257908123,0.8030563803158093,0.06400000000000006,1011.06,-0.0009634966378482195,6.52704440238727,1.881670073475894
4.0978211895910786,0.05516636512372422,-1.1640641225352937,0.010959641110162998,0.30700000000000005,276.12,0.000704641350210971,5.408137856554495,0.22966891592920358,0.10836862778184637,-0.4851331639452794,0.779182390214071,0.06000000000000005,932.76,-0.001010224948875256,6.45130322952878,1.87738499727361
4.0939291366906465,0.05619313285295844,-1.1914125379138825,0.07117205823734749,0.31700000000000006,285.48,0.0007173632055148633,5.421348295951654,0.228860278372591,0.10817604097901036,-0.4671940239702299,0.788969752309483,0.061000000000000054,960.3599999999999,-0.0009973989595838332,6.481440734791963,1.8755974732360436
4.09409268292683,0.05664603632012569,-1.2099225180452164,0.06772156614217495,0.32800000000000007,295.02,0.0006932889628397152,5.448704551503523,0.22740131979695433,0.10813274023601034,-0.42297987869124354,0.8116477383469485,0.06400000000000006,1013.04,-0.0009640522875816997,6.528031587254759,1.87276423767704
4.093588321167883,0.05645873897520712,-1.1959446452589464,0.08219917195187303,0.314,282.41999999999996,0.0007272064186725042,5.403159590818848,0.22823257023933402,0.10815033804718602,-0.4421437592411879,0.8014178392421312,0.062000000000000055,988.7399999999998,-0.000983333333333331,6.5075977560691545,1.871861366537147
4.094012727272728,0.05650926248950199,-1.2028911040454746,0.07380653155558957,0.31399999999999995,282.18,0.0007253623188405813,5.406514536285311,0.22820633437175497,0.10807874427965863,-0.45276538870839067,0.797545985961394,0.06300000000000017,993.06,-0.000980975029726518,6.509727875197141,1.8712124468899078
4.09391231884058,0.05669891169481653,-1.206247213446873,0.07484367622470935,0.31500000000000006,283.6199999999999,0.00072523499638467,5.409682877786543,0.22828846153846152,0.1079932240786684,-0.4378568257419553,0.8028306070183572,0.06300000000000017,989.8199999999997,-0.000975323149236194,6.510063084516009,1.8707385390449118
4.093629241877257,0.05665396112345188,-1.2068205669322667,0.07386334681133322,0.31600000000000006,284.4000000000001,0.0007245430809399469,5.412640830645929,0.22862053663570692,0.10833928246578993,-0.45715406156681704,0.7937819275913832,0.06299999999999994,997.8600000000001,-0.0009730306558013201,6.516136059969297,1.8703607033117462
4.09373275261324,0.05662255346955547,-1.2060700090767191,0.07323455043705789,0.32799999999999985,295.3800000000001,0.0006932276456681929,5.448385347569525,0.22717161616161616,0.10797666121007303,-0.4216389143241561,0.8133181551151775,0.06399999999999983,1018.02,-0.0009588382381227158,6.533341095762027,1.8695924202603893
4.094238628158845,0.05644606948736932,-1.2067395650860504,0.06492854200301493,0.31600000000000006,285.0,0.0007145941278065599,5.4149673099655296,0.22746206896551724,0.10819665984775248,-0.4318863507304469,0.810118027074456,0.06400000000000006,1014.0,-0.0009646085785728023,6.529172523966884,1.8691336786081447
4.094066546762589,0.056515719430539055,-1.2079535422043641,0.0696791027528479,0.31700000000000006,285.36,0.00071644367716875,5.417458810713666,0.227340991902834,0.10802714266543119,-0.4293139977871294,0.810157288249132,0.06400000000000006,1018.5600000000002,-0.0009606147934678206,6.5315675305624525,1.868634420399625
4.094193617021277,0.05684890476906286,-1.2118418316284936,0.06865709500387697,0.32199999999999995,289.56000000000006,0.0007083156254426944,5.431079343505237,0.22615592039800994,0.10757988750827066,-0.40037606790652847,0.824561268106913,0.06499999999999995,1035.5400000000002,-0.0009604190919674029,6.546057919181957,1.8681052909911882
4.093933333333333,0.056612513548749355,-1.2108165043484693,0.0690959297775636,0.32099999999999995,289.5000000000001,0.000703357416064594,5.430665429526923,0.226051689860835,0.10772249512701097,-0.4122544537727939,0.8205674359914821,0.06499999999999995,1036.0199999999998,-0.0009551543389633086,6.5449347115425365,1.8675569357391937
4.094017586206896,0.05687607764224522,-1.2114266906311197,0.07061044483633058,0.33099999999999996,297.72,0.0006891091835329713,5.458504109100642,0.2267176113360324,0.10840061902042296,-0.4152410444800405,0.8228996290739893,0.06400000000000006,1016.3400000000001,-0.0009506312417561727,6.526697769407901,1.866449455518217
4.0944,0.056710067907913324,-1.2117464013492736,0.06646882332951123,0.32300000000000006,290.70000000000005,0.0007022353437368179,5.435212666729525,0.22688460764587526,0.10801585990232926,-0.4159734074492638,0.8159198471640957,0.06400000000000006,1022.3999999999999,-0.000969260326609031,6.535311224843371,1.8659375795914592
4.0943031690140845,0.05671926688909351,-1.2114190703303611,0.06792739131801133,0.32399999999999995,291.7199999999998,0.0007019392917369304,5.4381841778308955,0.22672279116465863,0.10788105031333071,-0.4147639753870198,0.8172376939777072,0.06400000000000006,1025.5800000000004,-0.0009617234083477588,6.537543635818647,1.8655009759055934
4.0942440140845076,0.056781295268229205,-1.211160463724125,0.06892165684324378,0.32500000000000007,291.9599999999999,0.0007002508361204032,5.437911966145629,0.22700482283464563,0.10789006565069068,-0.4192356903859169,0.814225543014302,0.06600000000000006,1045.4400000000003,-0.0009410878976096366,6.558844798726037,1.865176248146485
4.094017647058823,0.05666370044478992,-1.2110722681782036,0.07167968749876663,0.33000000000000007,296.81999999999994,0.000688540376943186,5.455452068142019,0.2264651911468813,0.10803515205753286,-0.42129818218900583,0.8169776952023623,0.06400000000000006,1021.3799999999997,-0.0009548511047070137,6.532846543502394,1.8649944352011043
4.094389436619718,0.056731944087650366,-1.2105258370653798,0.06801148478644582,0.32399999999999995,291.6600000000001,0.0007007258514796165,5.439106685939789,0.227708215010142,0.10788364846417459,-0.4328125891234196,0.8076802281711989,0.06400000000000006,1014.3,-0.00096061479346782,6.532850217297552,1.8651241576811564
4.093662897526502,0.056554634781592,-1.209316229049659,0.06889883906266424,0.32400000000000007,292.02,0.0007000561167227839,5.4349233872223754,0.22643377148634988,0.10774226751997641,-0.41518276805383003,0.8171769272559404,0.06400000000000006,1017.6599999999999,-0.00096707818930041,6.529670249672231,1.8653393714206143
4.0942352112676055,0.05676901579676043,-1.2090493809573408,0.06298183003811225,0.32500000000000007,292.5,0.0006986320491345645,5.439070512003858,0.226808190091001,0.1078358834479941,-0.41821361704523685,0.8148093415636574,0.06400000000000006,1021.0799999999999,-0.0009608299398875303,6.530983630255817,1.8655902803999354
4.0942148409894,0.056593233300134105,-1.212209827463291,0.06667250161185373,0.32300000000000006,290.64,0.0007022353437368191,5.435267724314607,0.22666006097560976,0.107928611702273,-0.4144132455156808,0.8182555093196978,0.06400000000000006,1013.3399999999997,-0.000978835978835982,6.52490897909195,1.8658270885995778
4.09414152249135,0.0567001382778473,-1.2099707479250406,0.07159345577546691,0.32899999999999996,296.76,0.0006902009358656749,5.455725748523181,0.22517480544747082,0.10750241413206892,-0.37509546324762333,0.8384139323118319,0.06600000000000006,1058.2200000000003,-0.000944444444444442,6.564514249481108,1.8660739126270207
4.094205614035088,0.05690065923268544,-1.2119697960479134,0.06612181849376352,0.32600000000000007,292.67999999999995,0.0007003211841921512,5.441570499324516,0.22668472361809044,0.10803160084765723,-0.4217284331259643,0.8153328855566994,0.06499999999999995,1023.5999999999999,-0.0009600614439324112,6.5349485466525294,1.8660725006879046
4.093979505300354,0.05680273910713543,-1.2172693677212556,0.06837112200158492,0.32400000000000007,291.53999999999985,0.0007007176023638645,5.433975454692935,0.22701088709677422,0.10783434653560732,-0.4265173099321862,0.811817169129228,0.06400000000000006,1021.4399999999998,-0.0009662398137369021,6.535339743113171,1.866034132435278
4.094049122807018,0.05689259663490593,-1.2114363684237717,0.06898787542617099,0.32500000000000007,292.56000000000006,0.0007007258514796171,5.440996025962465,0.22691638190954774,0.10812012825391529,-0.4172282446818194,0.8154714825728436,0.06400000000000006,1024.26,-0.0009640522875816976,6.535604209853037,1.8659971761217677
4.093865743944637,0.05677664034447977,-1.2111022939434677,0.07191825114252076,0.32999999999999985,296.7600000000002,0.0006909216909216924,5.455234984879132,0.22669830169830169,0.10799517438026322,-0.40784914075329093,0.8205777715645933,0.06400000000000006,1029.9,-0.0009600614439324086,6.54198423623059,1.866067079038143
4.094259929078014,0.05669311368236939,-1.2114839467595364,0.06686348023092158,0.32200000000000006,289.6200000000001,0.0007036412203008598,5.431608644738578,0.22760322580645162,0.10793262744048751,-0.4345350174699205,0.8055514077987077,0.06499999999999995,1021.2600000000002,-0.0009481268011527366,6.537429229461226,1.86616731506653
4.093848581560283,0.05672493680415022,-1.2112712101333944,0.06768276783522681,0.32100000000000006,289.55999999999995,0.0007047740473154835,5.430729766714761,0.22689728370221324,0.10791725126871218,-0.4201788211924691,0.8154337435928604,0.06400000000000006,1023.2399999999998,-0.00096061479346782,6.5363923393898355,1.866255716631035
4.094448398576512,0.056693733665522716,-1.2117971314941895,0.06578963487069692,0.32100000000000006,288.72,0.0007073067119796083,5.428494876994005,0.22713187372708757,0.10775320897850475,-0.4259981536847932,0.812051641556538,0.06400000000000006,1010.94,-0.000970997452478932,6.526698032483267,1.866287292277532
4.0941,0.05663460826249791,-1.209590772131413,0.07040985816421416,0.31799999999999995,286.55999999999983,0.0007138781914134962,5.420800846564342,0.2270422880490296,0.10819388041954964,-0.42587692699132207,0.8142082508051728,0.06299999999999994,1008.6600000000001,-0.0009713344954483829,6.51988180825016,1.8662170505518956
4.09434375,0.05678334277315009,-1.211964815321273,0.0683794934388371,0.32899999999999996,296.3399999999999,0.0006906039345164375,5.451923015162928,0.22620255681818183,0.1080307002657211,-0.39939263445742457,0.8284066054358703,0.06800000000000006,1089.3000000000002,-0.0009095030830612969,6.593198945427432,1.8656231158811174
4.093691272727273,0.05667001448752709,-1.2039259117452015,0.08446973776413327,0.31599999999999995,284.15999999999997,0.0007203511801957424,5.404664498060709,0.226722199592668,0.10780834439046315,-0.41762768541505757,0.8154180074119787,0.06299999999999994,1010.28,-0.0009700176366843042,6.5237092088733695,1.8652012403081089
4.093857246376812,0.056565073962804614,-1.206872346698669,0.07410477113187489,0.31500000000000006,283.44000000000005,0.0007232841007819272,5.409477278960302,0.22688155737704918,0.10790396082780591,-0.4186438003082138,0.8158034868261171,0.06400000000000006,1004.8800000000001,-0.0009798157946306098,6.5180558971965095,1.8648811821072337
4.093783999999999,0.05644279451879495,-1.2052645875879293,0.07505352814408488,0.31400000000000006,282.5999999999999,0.0007239720034995591,5.406029568255601,0.22771958974358975,0.10813716112531319,-0.4285433887910224,0.8096748744411324,0.06300000000000017,1003.4400000000003,-0.0009724646112080657,6.520034457222804,1.864809750104751
4.093449090909091,0.05656961494952202,-1.2059422488468066,0.07745319902001965,0.31399999999999995,282.41999999999996,0.0007264770240700201,5.405464494889299,0.2272488253319714,0.10812608549184001,-0.4337714320170325,0.8088141932427646,0.06400000000000006,1007.6399999999999,-0.0009637386077176643,6.521056765738753,1.86513375312692
4.093936111111111,0.056740893923253245,-1.2115727537138627,0.07176436694488746,0.32899999999999996,295.8599999999999,0.0006930006930006969,5.451931392851169,0.22602580927384075,0.10820309695786998,-0.3994916232354324,0.8315167849392351,0.07499999999999996,1177.98,-0.0008350050150451367,6.670377734115104,1.8674867537336841
4.093645289855073,0.056429868744399765,-1.1992114440323183,0.07690924616356215,0.31500000000000006,283.32,0.0007267950963222396,5.411168749214445,0.2271865424430642,0.10792526478798506,-0.428384029506776,0.8097098508128303,0.062000000000000055,994.1399999999999,-0.0009897070467141749,6.50881505270523,1.8693980940714057
4.094318050541516,0.05623326513186787,-1.1917281311197931,0.06868870543573247,0.31600000000000006,284.58000000000004,0.0007187005893344806,5.418776001770753,0.227959009483667,0.10816819385436947,-0.4550893227722339,0.7980008513121,0.062000000000000055,978.24,-0.0009837688044338879,6.4930267781658815,1.8714695549400309
4.097838059701493,0.05528429683763964,-1.1644767181130584,0.010901578995583104,0.30600000000000005,275.16,0.0007086167800453488,5.404000152707068,0.2284823151125402,0.1084578583098181,-0.45561599980576295,0.7957750817015409,0.061000000000000054,960.0600000000002,-0.0010034013605442174,6.476709612445029,1.8734366702664271
4.0937780487804885,0.05674326102238103,-1.2108547379869112,0.07199994296842091,0.32799999999999985,294.78,0.0006958403126744787,5.448127519061061,0.2259191391941392,0.10773079930567318,-0.4003764471284401,0.8264189772525027,0.07099999999999995,1124.7000000000003,-0.0008898380494749945,6.626795240179726,1.8761474617767375
4.0975501872659175,0.05542353735078891,-1.1649464937832272,0.013328260879956392,0.30500000000000005,274.74,0.0007098239636570106,5.4002660548868056,0.2292139433551198,0.10852250041048261,-0.47526393348388707,0.7849668482474128,0.06000000000000005,944.8800000000001,-0.0010100100100100095,6.463289944159602,1.8733694947554669
4.0943826086956525,0.05628595393689273,-1.192553127351275,0.07097368127675156,0.31500000000000006,283.50000000000006,0.0007215753916918181,5.414136185004079,0.2285373007438895,0.10837174155878677,-0.46168712905686826,0.7934279358056174,0.061000000000000054,969.06,-0.0009891196834816997,6.485963979647899,1.8720920917039763
4.094134615384615,0.056673312601397366,-1.2093566510531404,0.07088475097887549,0.32599999999999985,293.76,0.0006976419701409216,5.445455886766645,0.22737216189536036,0.10801843913633723,-0.425293428133549,0.8139646101601633,0.06600000000000006,1042.5599999999995,-0.0009342301943198845,6.5575837501917285,1.8702613621223276
4.093758974358974,0.05645225609305336,-1.2020680433190039,0.07172084128866192,0.312,280.44,0.0007293045140420502,5.399811375889972,0.22820052854122622,0.10838659172658499,-0.45490195202163,0.7967418910522251,0.062000000000000055,973.74,-0.0009926761678543156,6.489454596623432,1.869850446377595
4.093735531135531,0.05652777285404733,-1.2040642845133545,0.07473738093040307,0.31199999999999994,280.44000000000005,0.0007326572604350334,5.399298922274882,0.22813487394957982,0.10788399417788547,-0.4449624013896827,0.7991688625823379,0.062000000000000055,981.9599999999998,-0.0009986144101346004,6.499317167821939,1.8696930525293987
4.093880656934307,0.05678733690837317,-1.2078465588409866,0.07353372911365343,0.31300000000000006,281.4599999999999,0.0007315827862873802,5.401926419345894,0.22811464699683878,0.10817031952304837,-0.4395553656234972,0.8046443577824287,0.062000000000000055,977.2200000000003,-0.0009926761678543156,6.494631344930529,1.869714980341336
4.0943553505535055,0.05647276029975357,-1.202586441404794,0.05927532939593682,0.31199999999999994,280.6199999999999,0.0007298951048951056,5.392968982369679,0.2274296645702306,0.10803495731758704,-0.4415173708408364,0.8049549845494502,0.06199999999999983,982.9199999999998,-0.0009867379255740305,6.496572224568413,1.869842029577004
4.094040766550523,0.056821689834510684,-1.2081820285291025,0.07130063052209669,0.32800000000000007,294.65999999999985,0.0006976419701409216,5.4486813885760395,0.2280938596491228,0.10848017628353403,-0.45428788296695055,0.799497725049406,0.06699999999999995,1056.2399999999998,-0.0009031556039173037,6.569606159843007,1.8701265341783961
4.093934420289855,0.05665358575599396,-1.2057586823491502,0.07129657380944442,0.31500000000000006,283.4999999999999,0.000722246345346651,5.409895128897192,0.22764546413502112,0.10784534143531349,-0.4455200814906197,0.8010562329936929,0.062000000000000055,977.3399999999997,-0.0009963985594237694,6.492769922296253,1.8702066458981674
4.094080505415163,0.056640205730202973,-1.2086230074023712,0.06835310332404904,0.31599999999999995,284.28,0.0007193209610128078,5.4143703685219045,0.227638025210084,0.1082550827667676,-0.4526701232076258,0.8020975545970296,0.062000000000000055,983.1600000000001,-0.00098493856520016,6.4943296113745514,1.8702371917497633
4.093904659498207,0.05665784194229333,-1.2091692681944286,0.06888355234216365,0.31799999999999995,286.68000000000006,0.0007128599942971171,5.421043021127561,0.2274689330543933,0.10818467864647335,-0.440446779851035,0.806044942698137,0.06199999999999983,985.0200000000002,-0.0009902951079421665,6.4980412897457205,1.8702150283236343
4.094186379928315,0.05668214362470334,-1.210778447895257,0.07025019941317995,0.31800000000000006,286.67999999999995,0.0007145913564398811,5.420856201974998,0.2278646624472574,0.10816231145064335,-0.45022138790271393,0.8007770305436317,0.062000000000000055,976.9200000000003,-0.0009892086330935239,6.4918092832965435,1.8701370122102294
4.093877622377622,0.056736807307406906,-1.209306604797798,0.07017751418692443,0.32699999999999996,293.75999999999976,0.0006976419701409278,5.445037225385055,0.228558125,0.10816094603175572,-0.46050998931767984,0.796993778526856,0.06299999999999994,988.02,-0.0009647058823529459,6.508682616380869,1.8698062884580973
4.094498214285714,0.0566776930517498,-1.2091401013959842,0.06485097214721584,0.32000000000000006,287.70000000000016,0.0007081211092246698,5.425179155152444,0.2281644889357218,0.10825054580606021,-0.4500517932593646,0.7989389919277781,0.062000000000000055,977.0400000000002,-0.0009902951079421686,6.493618959754393,1.8695799350484827
4.094087188612099,0.05678983274118926,-1.2089830039320266,0.06633873946297185,0.32000000000000006,288.6600000000002,0.0007094307561597285,5.4277207162135825,0.22807633507853403,0.10808198703598526,-0.44377766723149215,0.8030343496177089,0.062000000000000055,982.3799999999999,-0.0009798099762470293,6.501290029106129,1.8693504374098193
4.0938761565836295,0.056661239403216185,-1.208467769020826,0.06756210778097399,0.32099999999999995,288.7800000000001,0.0007088285229202036,5.427803381880045,0.22728122406639004,0.10818152741390462,-0.436933021591031,0.8069537292822617,0.062000000000000055,991.8000000000002,-0.0009798099762470293,6.505046978332706,1.8691472931807707
4.093876842105263,0.0565840088735602,-1.2089620503488694,0.07202333628050112,0.32499999999999996,292.79999999999995,0.0007001265288907613,5.4413760133009035,0.227847983014862,0.10857704902274713,-0.44150454102268544,0.8092340631194208,0.061000000000000165,969.9599999999996,-0.0009821778300039181,6.483569600824627,1.8689244398548077
4.0940946808510645,0.0568077722313686,-1.2092460422248272,0.06767428970071446,0.32200000000000006,289.6200000000001,0.0007076073098172534,5.431285198728226,0.22739591623036648,0.10844559286386458,-0.44468775760881263,0.805975899740129,0.062000000000000055,983.3999999999996,-0.0009881305637982208,6.494664297895913,1.8688820321270443
4.094202135231317,0.0567356352622234,-1.210079224917551,0.06707848579786309,0.32000000000000006,288.7199999999999,0.0007091295116772836,5.4284353073706075,0.22795742677824268,0.10823433152265861,-0.4479145968931464,0.8003781987731847,0.06299999999999994,984.1799999999998,-0.0009803921568627453,6.500033196139359,1.8688205805471951
4.094109964412811,0.056674093955011835,-1.2092932235091214,0.0688133100253835,0.32100000000000006,288.6,0.0007080147267063192,5.428602816386767,0.227580230125523,0.10803598838801971,-0.44539808089258903,0.8034821602859794,0.062000000000000055,984.2400000000005,-0.0009867379255740283,6.499662567108895,1.8686878888457468
4.094113523131673,0.05686375264760156,-1.2080434835449205,0.06909627431506145,0.32099999999999995,288.78,0.0007095359366157322,5.427395821505788,0.22752223382045927,0.10799538388234574,-0.4435673782426486,0.803833729086604,0.062000000000000055,985.6799999999998,-0.0009873242226183401,6.501606976113559,1.868431760753186
4.093842657342657,0.056522245128242506,-1.2088651123022953,0.07197159653941905,0.32600000000000007,293.6400000000001,0.0006954335986594028,5.445287560220105,0.2271687174139729,0.10850146403207502,-0.428216496000259,0.8167903730798873,0.062000000000000055,987.48,-0.0009833333333333332,6.498559605545927,1.867361371621541
4.0942514184397165,0.05677425449237826,-1.211023159488765,0.06827214772940399,0.32199999999999995,289.7399999999999,0.0007054525014052814,5.4309303583833755,0.2274997967479675,0.10828618971074987,-0.4386505977770203,0.8073722629891611,0.06400000000000006,1014.06,-0.0009629416282642082,6.526529402302024,1.866568485872627
4.0941840425531915,0.05666053194342306,-1.209294787229864,0.06877695128798594,0.32200000000000006,289.67999999999995,0.0007058906825261995,5.431558277592622,0.22748848114169215,0.10818722087327257,-0.4286227412028034,0.810394460290192,0.06300000000000017,1010.2799999999997,-0.0009730306558013201,6.524416393831145,1.8656949143129427
4.094153024911033,0.05650224131632361,-1.208850138133199,0.06694879438759582,0.32099999999999995,288.72000000000014,0.0007044746530727822,5.428582377807132,0.2274215666327569,0.10812000069432001,-0.4292937183654857,0.810003310808503,0.06400000000000006,1012.0799999999999,-0.0009598603839441529,6.5262943616346005,1.864814228502172
4.094091608391608,0.0568133380829393,-1.214514253385096,0.06835310619833562,0.32800000000000007,295.0200000000002,0.000695079695079693,5.443918613573893,0.226645612244898,0.10813883560711153,-0.4244675779110354,0.8187358145779406,0.06300000000000017,1007.94,-0.0009580663948747819,6.519843444499165,1.863304364070695
4.09454768683274,0.05675054551594584,-1.207359460792736,0.062341946659407184,0.32199999999999995,289.55999999999995,0.0007057500351469113,5.4285941533204465,0.22744311740890694,0.10814094015894211,-0.4333721845868901,0.8091962595222564,0.06400000000000006,1018.5000000000002,-0.00096061479346782,6.531483798706941,1.8626937107968615
4.094383512544803,0.05654902285829827,-1.2058939452822164,0.06413729632349317,0.32000000000000006,287.46000000000004,0.0007113299086758011,5.421950209160975,0.22710954773869346,0.10789855797629225,-0.42132540881737857,0.8131743704822186,0.06499999999999995,1025.3999999999999,-0.0009634966378482237,6.5385158501754,1.8621129939656873
4.094344802867384,0.056794248849513736,-1.211951160275645,0.06163600064137042,0.31999999999999995,288.12,0.0007101387708864326,5.420131114198839,0.22723437185929649,0.10811332740367341,-0.4234511897896658,0.8130487046224603,0.06399999999999983,1023.96,-0.0009541476407914754,6.537704051504482,1.86150716736436
4.093835251798561,0.05668762297924755,-1.2096753739855701,0.07170786274047629,0.31699999999999995,285.48,0.0007182916307161335,5.416445586950239,0.22666787512588116,0.10797441542290442,-0.4116417755090169,0.8192000713682779,0.06400000000000006,1022.04,-0.0009730306558013201,6.533699010038955,1.8608211847800684
4.093714930555556,0.056702917504017396,-1.2097332423882856,0.07741571858307937,0.3290000000000002,295.79999999999995,0.0006955490442305037,5.451493918245803,0.22690236920039486,0.10795534941465292,-0.4294628231571722,0.8096021134525124,0.06600000000000006,1042.62,-0.0009331450094161931,6.554131611494495,1.8590202748794407
4.094014079422382,0.05684943046335763,-1.2079993573229821,0.07179566926416499,0.31599999999999995,284.4000000000001,0.0007215753916918184,5.412822957817864,0.22698577154308613,0.10809357140141378,-0.418185053268993,0.8178984107128304,0.06500000000000017,1029.3600000000001,-0.0009541476407914774,6.540083703342313,1.85798550354607
4.094186545454545,0.0566068945437241,-1.2075965484062627,0.0723128800358255,0.31400000000000006,282.4200000000001,0.0007254561251086017,5.406651001744894,0.2269136454183267,0.10783489012811207,-0.4174013274784305,0.8158440888940212,0.06499999999999995,1033.5000000000002,-0.0009562211981566815,6.547119720576394,1.8570308881956636
4.09411094890511,0.05661054579069185,-1.2082574214070587,0.07355825877673557,0.31300000000000006,281.4000000000001,0.0007286652078774607,5.402676237313813,0.22694053784860557,0.10793456960052308,-0.41662952136396303,0.8165786642898624,0.06600000000000006,1033.7999999999997,-0.0009570015220700164,6.546596307972509,1.8562916310239992
4.093811678832117,0.056553666219573716,-1.2062958517865423,0.07426736889575751,0.31199999999999994,281.46000000000004,0.0007286652078774607,5.402043966295654,0.2273717,0.1079155843662536,-0.4267054134452355,0.8109226394298163,0.06499999999999995,1029.5400000000002,-0.000946948088990302,6.545017854012608,1.8559029342268518
4.093932638888889,0.05672561067917342,-1.2107704111458746,0.07189351565376967,0.32800000000000007,295.9200000000001,0.0006927126627874799,5.452048925215813,0.2261828025477707,0.10751431360351213,-0.3942513538467791,0.8267393095521264,0.07100000000000017,1131.06,-0.0008699101004759384,6.636177156121098,1.8566562030782074
4.093817454545454,0.056317535335345906,-1.1978899841185173,0.07608760628668015,0.31500000000000006,282.78000000000003,0.000725301906009017,5.407793527902042,0.22750283687943262,0.10822066574589644,-0.43663410999274443,0.8092684743852959,0.06499999999999995,1015.6800000000001,-0.0009596541786743507,6.530344276420285,1.8576976083521919
4.0944238267148005,0.05630629947071195,-1.194323993637691,0.06982634222256187,0.31600000000000006,284.46000000000004,0.0007190106413574893,5.4172250824765955,0.2270076845298281,0.10807413140182259,-0.425326970314869,0.8117515774976917,0.06400000000000006,1018.1400000000003,-0.0009604190919674049,6.530297607020332,1.8588884532516576
4.0979337078651685,0.05523330485226665,-1.1600868468629015,0.0031507174668289517,0.30500000000000005,274.2,0.0007080147267063129,5.402834563826086,0.22765563598759045,0.10816096839699077,-0.4430809335665944,0.802958971210658,0.06300000000000006,995.1600000000001,-0.0009700176366843042,6.510290187550954,1.859992975206311
4.093977162629757,0.05672156084430056,-1.2096036673149875,0.07551932650240445,0.33000000000000007,296.8799999999999,0.0006923076923076917,5.4549581642596285,0.22622398843930636,0.10810614544392749,-0.40503197802959523,0.8257168258219166,0.06699999999999995,1070.4000000000005,-0.0009206877426511386,6.5750544763195835,1.860503060955877
4.098565789473684,0.055118095314911304,-1.1590374772739798,-0.0034703232263720383,0.30300000000000005,273.18,0.0007047498594716121,5.399709407468383,0.22851068062827226,0.1083008392451884,-0.45806097031246074,0.7961482150530708,0.06300000000000006,983.7,-0.0009782608695652166,6.501609772948546,1.8562179496322389
4.094079061371841,0.056241553511236206,-1.193628097652292,0.06953879219251577,0.31700000000000006,284.52,0.00071941928992382,5.417520244419939,0.22735121212121212,0.10796552636082106,-0.43347391956615544,0.8066827137144592,0.06400000000000006,1018.8000000000002,-0.0009662398137369043,6.53362796611079,1.8545139377082398
4.093701038062284,0.056641814847635724,-1.2102027673643871,0.0755720692046706,0.33000000000000007,296.81999999999994,0.0006923076923076917,5.455294370007531,0.22604628019323672,0.1079001924448761,-0.3956760832140005,0.8279909836640104,0.06699999999999995,1066.1999999999994,-0.0009322508398656272,6.572752329808951,1.8518315530982834
4.093535272727273,0.05649970322865084,-1.203957251927017,0.07727106416738652,0.313,282.48,0.0007257476294675412,5.405936711628808,0.22549743589743587,0.10768852993984487,-0.39081395551061204,0.8325629878139275,0.06500000000000017,1044.7799999999997,-0.0009582852748942719,6.550954451115541,1.8509987320597474
4.093958909090909,0.05664304452759734,-1.2049916109687535,0.07761228684433297,0.31399999999999995,282.47999999999996,0.0007290755322251361,5.40593342120709,0.22707871287128711,0.10773644093469022,-0.42151809657544703,0.814271911226646,0.06499999999999995,1039.6800000000003,-0.0009438095238095235,6.5548871781291345,1.850450351557521
4.093647826086957,0.05677081143955923,-1.2055722955136314,0.07885029879201456,0.31400000000000006,283.4999999999999,0.0007283464566929127,5.408413780767814,0.22649127849355796,0.10767635159594524,-0.4051716162956782,0.8207881483631616,0.06500000000000017,1039.0200000000004,-0.0009475806451612897,6.550967445408553,1.8501352262647341
4.093738768115942,0.05676759879011538,-1.2073080014049524,0.0753827404354769,0.31500000000000006,283.44000000000005,0.0007261801332174908,5.408745913945498,0.22615708699902248,0.10750187316160777,-0.398717209110492,0.8250877721744567,0.06599999999999984,1052.52,-0.0009445077917141769,6.564557390178693,1.8500021708545171
4.093461724137931,0.0567785688423543,-1.2115523406784219,0.07916596640552842,0.33000000000000007,297.7800000000002,0.0006923076923076906,5.45700231525788,0.22357236268526592,0.10713915099339728,-0.324228086344577,0.8630760683669844,0.07400000000000007,1181.58,-0.0008713910761154844,6.66911370693483,1.8500781340583963
4.093738489208633,0.056694001883057,-1.2086888835508005,0.07183175024621599,0.31699999999999995,285.53999999999996,0.0007187005893344802,5.416381493997166,0.22657084148727982,0.10759319698863469,-0.4037659352625993,0.8222731261714824,0.06600000000000006,1054.8600000000001,-0.0009407069555302149,6.565322127179504,1.8501884161232554
4.094559352517985,0.05658287455675917,-1.2030780679562156,0.0636576056513844,0.31899999999999995,287.28,0.0007148972602739732,5.419327879417597,0.2263474609375,0.10773394780280801,-0.3955361220722393,0.825730516283417,0.06599999999999984,1056.0599999999997,-0.0009500941619585688,6.564907959316393,1.8502832949722117
4.094086120996441,0.05679709956606088,-1.2106201718584209,0.06451346794906938,0.32200000000000006,289.7400000000001,0.0007080147267063192,5.42767546226557,0.2263080975609756,0.10767961830283454,-0.3974970628870125,0.8262833737228343,0.06599999999999984,1056.84,-0.0009500941619585708,6.5662860370164235,1.8503152193828984
4.094321276595744,0.05678208788652705,-1.2074929250914979,0.064669038487491,0.32299999999999995,290.93999999999994,0.000705642324468833,5.432324777843945,0.22611348205625606,0.107684719615193,-0.3963149035137561,0.827565694445914,0.06699999999999995,1061.6399999999999,-0.0009327303561334101,6.571046553242317,1.8502366381329496
4.093964359861592,0.05665064318592639,-1.2097374685279714,0.07477142163479365,0.33000000000000007,296.76,0.0006909216909216935,5.454897449721395,0.22576841603053435,0.10762226849549769,-0.3841720872589369,0.8329157854214183,0.06699999999999995,1081.3799999999997,-0.0009140969162995632,6.586137289399856,1.8495755004552232
4.094165724381626,0.0566933608494381,-1.211273824740555,0.06900603418576752,0.32300000000000006,290.76,0.0007029382820188426,5.434768528700798,0.2259064671814672,0.10752662410123362,-0.40003598114103056,0.8256163907316607,0.06699999999999995,1066.68,-0.0009364989636329387,6.575427921851205,1.8490043217439567
4.094576223776224,0.056860953527792565,-1.2140804150509936,0.0641118080385057,0.4139999999999999,387.84000000000003,0.00039269865193000035,5.445704309076167,0.23182263540824574,0.10925157623036186,-0.5478995981939989,0.7476453379122948,0.08200000000000007,1271.4600000000003,-0.0007224142898300206,6.76817565848053,1.8483453928050786
4.093932042253521,0.056676404734030926,-1.20901912580663,0.07382365937465654,0.32299999999999995,291.30000000000007,0.0007038288288288318,5.4374686656339986,0.22631802443991855,0.10824250453096444,-0.41341525718464567,0.8242039125819648,0.06400000000000006,1009.3800000000001,-0.0009718172983479074,6.519268603561465,1.8476576425774671
4.093713793103449,0.05674917969413475,-1.2086986514372624,0.07591722950440434,0.33000000000000007,297.48,0.0006917846239245091,5.458355619809009,0.2290181626187962,0.10904851427836053,-0.5062896768934766,0.7805048683710606,0.062000000000000055,973.5600000000004,-0.0009492210040392382,6.489496477253535,1.8464221975959756
4.094292957746479,0.056736608704680884,-1.210033708423214,0.07105656321583284,0.32300000000000006,291.29999999999984,0.0007041261794113492,5.438193778426399,0.22636039215686277,0.1076547026369318,-0.39750754969436874,0.8258481162505326,0.06500000000000017,1048.7400000000005,-0.0009485714285714288,6.561818241764134,1.8459371822263684
4.093827816901409,0.05665675967050039,-1.2111263043859382,0.07113558899665698,0.32399999999999995,291.12,0.0007006055485142933,5.438068784644016,0.22636950146627566,0.10784648736602583,-0.3924502538650603,0.8266329976503722,0.06600000000000006,1051.02,-0.0009465836164590408,6.5631513876576495,1.8455487043365733
4.094161267605634,0.056764752191398864,-1.2123233809823546,0.0702003816332534,0.32300000000000006,291.36000000000024,0.0007031249999999978,5.437790173788747,0.22607994157740993,0.10769760772476014,-0.39431594033870887,0.8274326546336576,0.06600000000000006,1056.1799999999996,-0.0009432182607055272,6.566635058467401,1.8452605143719838
4.093931578947369,0.056842888915975616,-1.2115656010832023,0.07156401181122031,0.32500000000000007,292.32000000000016,0.0007031249999999983,5.441027777694318,0.22676533980582525,0.10785808706027568,-0.4242649565886807,0.8143336603501395,0.06699999999999995,1058.82,-0.000935278713056492,6.571476562715715,1.8450763627779942
4.0936541379310345,0.05670216623102967,-1.2083294003632128,0.07679819020172901,0.33000000000000007,297.3600000000001,0.0006917846239245091,5.458554086954239,0.22594556603773583,0.1077243278928331,-0.4017773302339429,0.8271301792954746,0.06900000000000017,1089.1200000000001,-0.0009167583425009191,6.597408820704656,1.845024246211885
4.094157746478873,0.05675624904967952,-1.2125736342813611,0.0704286332978155,0.32400000000000007,291.7800000000001,0.0007019392917369292,5.437858715765337,0.22594535783365574,0.10750190130439358,-0.39987301449335755,0.8226859514021492,0.06699999999999995,1064.1,-0.0009389269406392685,6.573255684293883,1.8450982005014926
4.093824647887325,0.05668951909815642,-1.2115596854890798,0.07073100353669792,0.32400000000000007,291.72,0.0007022353437368186,5.437725714974366,0.2258418357487923,0.10777134418100999,-0.38970286872742,0.8311103413339826,0.06700000000000017,1065.84,-0.0009326618168252188,6.5728052919417586,1.8451600316851582
4.093686267605634,0.05669423662376028,-1.2118857791593856,0.07264837419690291,0.32399999999999995,291.7800000000001,0.0007015324054548019,5.437618458871434,0.22562512077294689,0.10734163009998332,-0.38554048927341933,0.8314242291282343,0.06699999999999995,1065.8399999999997,-0.0009421518748822319,6.574655703647694,1.8451479085792162
4.094004593639577,0.05656531494850498,-1.2087812293527085,0.07031832519081986,0.32300000000000006,290.7600000000001,0.0007029382820188358,5.434523753544594,0.22580789980732177,0.10764517058695743,-0.3955189225253819,0.8284990922711477,0.06699999999999995,1069.0199999999998,-0.0009322033898305104,6.57616155856658,1.844205112527801
4.094084805653711,0.05688704214656309,-1.2120090659247136,0.07044620551655437,0.32300000000000006,290.7600000000001,0.0007057500351469102,5.434372143287349,0.22573031761308948,0.10726074207359483,-0.38585067360338554,0.830675372642296,0.06699999999999995,1070.0399999999997,-0.0009387947269303198,6.579628706003168,1.8436484361734702
4.093928014184398,0.05678768747931214,-1.2113362127753133,0.07127371434497869,0.32199999999999995,289.79999999999995,0.0007094307561597292,5.430947514850952,0.22589952061361457,0.10752106837074352,-0.3947607038475587,0.8250950453223376,0.06699999999999995,1073.52,-0.000929378531073446,6.581822107152579,1.8430587740028124
4.093633571428572,0.056731649784268555,-1.2118694027439256,0.07381405174554785,0.31900000000000006,287.70000000000005,0.0007126436781609174,5.4228541133315,0.22650268972142168,0.10783194681342036,-0.41676236699655433,0.8171989045197917,0.06699999999999995,1071.78,-0.0009178208679593724,6.580811858896772,1.8424910029626986
4.094064259927798,0.05668720356091826,-1.2084936194674012,0.07386769444593935,0.31599999999999995,284.58000000000004,0.0007205459770114928,5.412603016865909,0.2258854961832061,0.10758140437949885,-0.3801411234906915,0.8328030727958468,0.06800000000000006,1078.98,-0.0009284116331096201,6.586902853580618,1.8414404275434306
4.0937282608695655,0.056773747491440124,-1.2091718369290723,0.07427470912098703,0.31500000000000006,283.5,0.0007247321169997125,5.408624953152739,0.22647104247104247,0.10770726517868852,-0.4016221344118569,0.8223905133669372,0.06699999999999995,1065.9599999999998,-0.0009406779661016969,6.5771695055212005,1.8414439664358149
4.093534909090909,0.056618722405313245,-1.2074204508497177,0.07803020315564375,0.31400000000000006,282.48,0.0007290755322251361,5.4050191047030856,0.22717662721893492,0.10803683276909867,-0.41509488677291095,0.8171678712912396,0.06600000000000006,1044.2400000000002,-0.0009438537586271197,6.557371526018125,1.8416821794535738
4.093541605839416,0.056596697360939724,-1.2058713971272936,0.07643998739488446,0.31299999999999994,281.46,0.0007319223985890628,5.40200410405104,0.22638798029556648,0.10760999080725059,-0.4024589257670441,0.8223242881764748,0.06600000000000006,1045.2,-0.0009562211981566815,6.556898837552129,1.8421894096304032
4.0938190311418685,0.05663359638846683,-1.21162467312111,0.07351356038953571,0.33000000000000007,296.94000000000005,0.000690634524799109,5.454800061832101,0.22615956644674837,0.10790834617303166,-0.4101221198941345,0.8219276952408059,0.06800000000000006,1091.94,-0.0008945078847199554,6.597535962480667,1.8441105282435006
4.093998175182482,0.05645430194722876,-1.1996203007654906,0.07658722894313261,0.31300000000000006,281.4600000000001,0.0007308533916849016,5.4034117652243925,0.22714597815292947,0.10795043614807492,-0.4167452200830142,0.8161408088105395,0.06599999999999995,1037.1,-0.000950342465753424,6.550760058019331,1.8453665106318091
4.094413090909091,0.05632624296728761,-1.194016632829749,0.06987290749776529,0.31300000000000006,282.53999999999996,0.0007244174265450822,5.410301245876143,0.2274306,0.10788244502067981,-0.4295537858299183,0.8083431220211299,0.06500000000000006,1029.9,-0.0009450465868035741,6.545101821396063,1.846575698083269
4.098105323193916,0.05501761392850514,-1.161034571711523,5.8235159936464016e-05,0.30000000000000004,270.06,0.0007158257869771432,5.387823476212192,0.2278671065989848,0.10816452130570914,-0.44159554492084885,0.8038726186682512,0.06400000000000006,1014.06,-0.0009600614439324128,6.5302724546346305,1.847545841516225
4.093819655172414,0.05666411678404224,-1.2091467326019771,0.07709798147500588,0.3320000000000001,298.0200000000002,0.0006906345247991151,5.45817872542697,0.22654165872259296,0.1079450865297887,-0.4034375839815487,0.8237812519472514,0.06800000000000006,1080.4199999999996,-0.0009110867178924285,6.588695091624923,1.8471660376536418
4.098553612167301,0.05505898303117785,-1.1601163579654998,-0.006762532058820222,0.30000000000000004,270.0,0.0007113299086758014,5.3891133457948035,0.22800949948927476,0.10816939474171669,-0.44660743855120577,0.8011563365824075,0.06400000000000006,1008.0,-0.000960614793467818,6.524737372558423,1.84183815818523
4.094313454545455,0.05617750828540747,-1.1941836697633057,0.06893121791407143,0.31300000000000006,282.48,0.0007225600926730385,5.410503907681427,0.22761371371371372,0.1079388661277441,-0.43680993963805115,0.8054315707475115,0.06500000000000006,1028.3400000000001,-0.0009473584188521474,6.544568870655037,1.8398097859364777
4.093690034364261,0.05681654570916683,-1.2106752878483065,0.07820479075745779,0.3320000000000001,298.9799999999999,0.0006899160819920192,5.460741496465609,0.2279223394055609,0.10805860084766145,-0.44257677999685807,0.8016827126947483,0.06800000000000006,1073.4,-0.0009062896501721941,6.588243915732514,1.8365679137345237
4.093665454545454,0.05670793120152614,-1.2036522056909351,0.07767061672533546,0.314,282.53999999999996,0.0007305336832895894,5.405330804183725,0.2270891972249752,0.10801935971661498,-0.42320159931509327,0.8144068272058038,0.06600000000000006,1038.8999999999999,-0.0009378531073446325,6.551815166905744,1.835481591873086
4.09371897810219,0.056548901430269395,-1.2063584742921178,0.07727719861736958,0.31299999999999994,281.46,0.0007308533916849019,5.401842482816769,0.22632378167641326,0.10775018025397104,-0.40791409115187527,0.8228541123236278,0.06600000000000006,1055.94,-0.0009303201506591333,6.566393701349551,1.8346613369923004
4.093550181818181,0.05661836989050332,-1.2080562494521203,0.07698680537621162,0.31400000000000006,282.53999999999996,0.0007254301545640124,5.405041223930052,0.22567629063097513,0.10754008818097972,-0.3812572794529645,0.8326791121185538,0.06800000000000006,1077.4199999999998,-0.0009354598022756946,6.584074704185021,1.8340274516687816
4.093504347826086,0.05663085062018738,-1.2078542319974892,0.07709855170927864,0.31500000000000006,283.56000000000006,0.0007239720034995585,5.4083288892779855,0.2253673996175908,0.10720791667604648,-0.3805942402449882,0.8338877849163415,0.06699999999999995,1077.2400000000005,-0.0009331450094161952,6.584728129074713,1.8335002384791432
4.093695189003436,0.05669631991259172,-1.2101282721288884,0.07814398804991046,0.3320000000000001,298.98,0.000688540376943185,5.460713547707197,0.22504552995391705,0.10741686362307255,-0.3777857232644144,0.8363766140816308,0.07000000000000006,1117.2600000000002,-0.000906782734856727,6.617900388022693,1.8324650851860398
4.093801079136691,0.056562077366003535,-1.2102065594823657,0.07460058946325214,0.31699999999999995,285.5999999999999,0.0007147988505747119,5.416570123849556,0.2252555240793201,0.10730207532217555,-0.37612465085687585,0.8361134132882498,0.06799999999999984,1089.96,-0.0009205372132064932,6.595862127680785,1.83190602850425
4.093871684587814,0.056572586871507013,-1.2112495084565094,0.07412590302801815,0.31800000000000006,286.6200000000001,0.0007126436781609174,5.419907275525995,0.22536048918156162,0.10705245503234889,-0.37235320340756184,0.8342740558005697,0.06899999999999995,1094.2800000000002,-0.0009242678604737916,6.601772623365864,1.8313514107996907
4.093771731448764,0.05685864730476073,-1.21116084701275,0.07348025284502047,0.32300000000000006,290.76,0.0007080147267063124,5.433095647778571,0.22663131504257333,0.10778126959349878,-0.4055705816424413,0.8220309117526422,0.06799999999999984,1088.2799999999997,-0.000905383360522024,6.597857166762185,1.830829812917422
4.0938415492957745,0.05684881945701268,-1.2117837077293605,0.07173592055369925,0.32400000000000007,291.7800000000001,0.000704344158582877,5.436988032156023,0.22479793233082707,0.10727551213228274,-0.36823226344022597,0.8407319297161852,0.06899999999999995,1095.8400000000001,-0.0009242678604737916,6.598356988295706,1.8303698157025048
4.094060137457046,0.05680000597727878,-1.2098116853349858,0.07572839510368934,0.33299999999999996,299.2199999999999,0.0006878525244187627,5.461055840159464,0.2258241346153846,0.10776239159614238,-0.3971146583003029,0.8278142547452068,0.06699999999999995,1070.5199999999998,-0.000940677966101695,6.577336048099465,1.8297369148649623
4.0941059440559435,0.05685358264676987,-1.2119965063326583,0.0715466413467912,0.32600000000000007,293.7600000000002,0.0006986320491345566,5.444909218852253,0.22442093023255813,0.10743232599595948,-0.3514217201879499,0.849540270605075,0.06900000000000017,1106.52,-0.0009229490022172971,6.60587017259086,1.82954898219242
4.093656993006993,0.05680234165535274,-1.2125122621832556,0.0712129700915353,0.32599999999999996,293.7600000000001,0.0006979341150195387,5.443361722949435,0.22541090400745575,0.10770832391449085,-0.386168110051178,0.8353519828678343,0.06899999999999995,1105.1400000000003,-0.0009085144927536206,6.607310161673691,1.8293925920873968
4.093966315789474,0.05669017107888198,-1.2127368671460896,0.06963017925558852,0.32500000000000007,292.74,0.0006993299832495819,5.4408549189229225,0.22489999999999996,0.1074736343238022,-0.3633950539220625,0.8430513583264282,0.06800000000000006,1100.8799999999999,-0.0009224376731301947,6.603300238126797,1.8292241346549158
4.093473195876288,0.056753484865914194,-1.2104414985870893,0.07748953758367637,0.33199999999999985,298.9200000000001,0.0006902286902286883,5.460574431820167,0.22526251162790698,0.1075953074935053,-0.37405394268083647,0.8387334059657288,0.06900000000000017,1106.4599999999996,-0.000905383360522022,6.608889924704586,1.8286902642634102
4.094200350877193,0.05679848249655946,-1.2119430986861182,0.07037662899524283,0.32599999999999996,292.8000000000002,0.0007000279173645992,5.44118391567105,0.22480366886171213,0.10746565215424156,-0.3684151064946919,0.8412682830279988,0.06800000000000006,1094.58,-0.0009299315954889976,6.5959333871267,1.8283197477288584
4.094214385964912,0.05686344773033778,-1.2127915230825956,0.07034809424487486,0.32499999999999996,292.80000000000007,0.0007000279173645997,5.440697559360643,0.22595241248817408,0.10732117306315651,-0.39267772245181076,0.8253123744859611,0.06800000000000006,1088.7600000000002,-0.0009211012564671121,6.597062863105046,1.8279269567157928
4.094056338028169,0.05663385983268055,-1.2121832046460068,0.070601405577746,0.32500000000000007,291.78,0.0007005340078695856,5.437873410953878,0.2261781576448243,0.10796962860221093,-0.40093919078945994,0.825779872599549,0.06800000000000006,1084.5000000000002,-0.0009138309549945106,6.590127420712318,1.8275503975436618
4.093902105263157,0.05681925478978155,-1.212799985025751,0.07166377371463314,0.32500000000000007,292.79999999999995,0.0007008294671727853,5.440597271036611,0.2248781160799239,0.10770961983153102,-0.36391097709198705,0.8454953697350828,0.06800000000000006,1082.4600000000003,-0.0009316712834718402,6.583866300138727,1.8272285765319145
4.093820344827586,0.05675487856792931,-1.2102134643258542,0.07683128374943489,0.33099999999999996,297.9599999999998,0.0006912917870408608,5.457328705651603,0.22579437675726338,0.10763228336325208,-0.38846822958516647,0.831518265634665,0.06900000000000017,1098.42,-0.0009055982436882536,6.604145444461352,1.8268903462216182
4.094127112676057,0.056802598049600576,-1.211945494610982,0.07021323288525125,0.32499999999999996,291.78,0.0007019392917369304,5.438354182926287,0.2251605513307985,0.10739637472940708,-0.367904101192404,0.8412150283691674,0.06700000000000017,1082.9399999999998,-0.0009378531073446325,6.588696939500718,1.8268739812874721
4.094032042253522,0.056906408783351736,-1.2122371832835703,0.07175331516670062,0.32400000000000007,291.78,0.0007033445756042682,5.437550491821851,0.22533472882968603,0.10739115633509709,-0.37665052501951557,0.8367684232190303,0.06800000000000006,1081.8,-0.0009275849197461732,6.58835484389965,1.826912443242517
4.093998943661973,0.05682985693919368,-1.211785197474512,0.07079115974845558,0.32400000000000007,291.7800000000002,0.0007026419336705987,5.437426943882209,0.22534367269267364,0.10752337884618354,-0.3766951757247483,0.8369205376236863,0.06700000000000017,1082.4599999999998,-0.0009289311695579222,6.587422342275502,1.826967270131708
4.093723529411765,0.05667140091493152,-1.2096806912645317,0.0771226490085521,0.33000000000000007,296.93999999999994,0.0006927126627874799,5.454104014155823,0.2258950523311132,0.10752234372388991,-0.3855675577818398,0.8306499922404096,0.06800000000000006,1082.34,-0.0009289311695579143,6.58993587905746,1.8269741224095315
4.094218085106383,0.056688821423163914,-1.210957816699298,0.07062096263751678,0.32199999999999995,289.67999999999984,0.0007073067119796088,5.431163324904139,0.22528218390804597,0.10741353971452805,-0.3811401664911407,0.8351554664158277,0.06699999999999995,1075.3799999999999,-0.0009298638313747414,6.581019289375025,1.8268609329911758
4.094083687943263,0.05688924429886134,-1.211819970149462,0.0715163101444852,0.32199999999999995,289.67999999999995,0.0007087227414330176,5.430905176334932,0.22522573879885607,0.1075721610955052,-0.37152254237707494,0.839625778173757,0.06699999999999995,1079.5800000000002,-0.0009354598022756965,6.5846091473102515,1.8266336788929884
4.09407793594306,0.0568042440899388,-1.212117725908473,0.07093571414501934,0.32099999999999995,288.6600000000002,0.0007101387708864326,5.427506629176024,0.22516545801526716,0.10734647296130866,-0.3731896167675557,0.8378506535028082,0.06800000000000006,1079.22,-0.0009359698681732575,6.584700323551826,1.8262656072630257
4.093896057347671,0.056921049695468455,-1.211731910616228,0.07236818023788945,0.31900000000000006,286.62,0.0007187005893344808,5.4188962512230265,0.22637576923076924,0.10760795960597956,-0.4091107528124973,0.8220355755700129,0.06800000000000006,1070.9999999999998,-0.0009270658459242695,6.581604667766806,1.825729965249344
4.093620761245674,0.05674329542678232,-1.2084969703249264,0.07776509758353274,0.33000000000000007,296.88,0.0006934053754502646,5.454569104426241,0.22591636188642925,0.10788788517223503,-0.40049927167988164,0.8282185605256672,0.06700000000000017,1069.1999999999998,-0.0009183296378418308,6.576084623043897,1.8240765454183905
4.093657818181819,0.05660921000206461,-1.2088636397968229,0.07409128798303635,0.31399999999999995,282.48,0.0007242888402625783,5.405513584232164,0.22560927536231884,0.10764007483771601,-0.38032607278840125,0.834483358388658,0.06600000000000006,1065.7800000000002,-0.000940677966101695,6.5727002228230145,1.8230707824292824
4.093430291970803,0.05666309637811567,-1.208432847525499,0.07709887191133864,0.31200000000000006,281.4,0.0007293962097840416,5.400851952296393,0.22574405797101452,0.10740622113773683,-0.3879474234679714,0.8302944500889643,0.06699999999999995,1065.3599999999997,-0.0009336725080082897,6.574815813247268,1.8221214787127817
4.09357619047619,0.05665998307616075,-1.2075765567266148,0.07725836370365648,0.31100000000000005,280.38,0.0007341269841269837,5.3980992131464145,0.22584220716360118,0.10762921021879271,-0.3911292701800826,0.8285551477403504,0.06700000000000017,1063.26,-0.0009416195856873837,6.571481487202677,1.8213674019489965
4.093935661764706,0.05662983079253796,-1.2060279633033308,0.07688834188549537,0.30999999999999994,279.66,0.0007363315696649033,5.3948858292025585,0.22582313649564378,0.10752277561940099,-0.39340109405040824,0.8272306810369587,0.06700000000000017,1063.8,-0.0009412435824301196,6.5720040881075334,1.8209473198180333
4.0935806228373695,0.056748455201689564,-1.2094238589627695,0.07817495985344246,0.32999999999999985,296.88,0.0006936936936936949,5.453800075928912,0.22790456310679613,0.10828427952741011,-0.4551922614980528,0.7977382231273742,0.06700000000000017,1060.0200000000002,-0.0009055982436882555,6.5737110882522325,1.8216039551761631
4.093722509225092,0.05644889380152608,-1.201112440749586,0.07717076054660532,0.30900000000000005,278.40000000000003,0.0007381904338812339,5.391565685284967,0.22632249269717628,0.10789844196466344,-0.3978124324116683,0.8255732368618552,0.06699999999999995,1056.9,-0.0009438537586271197,6.5664264477876815,1.822596678032434
4.094363235294118,0.05639645484376333,-1.196086265477758,0.06953413902181786,0.31100000000000005,279.24,0.0007326328079392848,5.398429486530763,0.2268956777996071,0.10766163031199398,-0.41088580278586573,0.8172440561421629,0.06600000000000006,1048.5,-0.0009472693032015064,6.559917392562358,1.8237554062558827
4.097942692307692,0.05525363670994475,-1.1638204037799709,8.394538804445606e-05,0.29700000000000004,267.0,0.0007244174265450883,5.3751352203370235,0.22763279352226723,0.10824532788811322,-0.4401301565620037,0.8058120771916644,0.06500000000000006,1017.1199999999999,-0.0009567723342939491,6.531427678020366,1.8248573775335797
4.093877162629758,0.05668674284252585,-1.2088095403539696,0.07777285321910084,0.32899999999999996,296.82000000000005,0.0006932889628397091,5.45430281368333,0.227816122840691,0.1082291652747155,-0.43327386315198035,0.8073550441738464,0.06800000000000006,1073.1000000000004,-0.000905383360522022,6.586069499382445,1.825655782025103
4.097911923076922,0.05539961305885635,-1.163867768024596,-0.0016686422135312338,0.29600000000000004,267.0,0.0007261801332174908,5.3750963246076715,0.22775320447609357,0.10822803056324681,-0.44214019071061683,0.8043723736527061,0.06400000000000006,1011.7800000000002,-0.0009591013824884789,6.527110908826794,1.8216845693981665
4.094364814814815,0.05621493131494053,-1.1940383492070221,0.06920593227702211,0.30800000000000005,277.32,0.0007370664315108745,5.392104840189754,0.22766762661370407,0.1079740253651439,-0.436698649798275,0.8041909156686273,0.06500000000000006,1036.7400000000002,-0.0009498003422703934,6.552395306410322,1.8198518804901045
4.0937346020761245,0.056744164341184615,-1.20947968231417,0.07981120696376748,0.32999999999999985,296.8800000000001,0.000695079695079693,5.453714312027449,0.22714864864864864,0.10812696869503792,-0.4319155135895709,0.8114645823916812,0.06699999999999995,1066.9800000000002,-0.0009102564102564098,6.577614151711469,1.8162451389456469
4.093459778597786,0.056620149217111365,-1.2048501869700607,0.07854200120273919,0.309,278.4,0.0007396712572190131,5.390426112506937,0.22606065891472868,0.10743957894007983,-0.40336932837837836,0.8203514987349312,0.06600000000000006,1062.12,-0.0009421943335234847,6.572225358030549,1.8146036705740158
4.0936933823529404,0.05677847847531184,-1.2073358229785933,0.07936319462825418,0.30999999999999994,279.41999999999996,0.0007389452034670195,5.393568412397409,0.22551470869149953,0.10760984451955402,-0.37873128861629324,0.8347180861012875,0.06800000000000006,1077.66,-0.0009354598022756926,6.583523169688556,1.8130670086893708
4.0936941176470585,0.05660229711705466,-1.2081626691353944,0.0782423991874626,0.31000000000000005,279.41999999999996,0.0007345379756133367,5.394008818258653,0.2254488174077578,0.10733449806979908,-0.37916759358591134,0.8320789450861914,0.06800000000000006,1088.3999999999999,-0.0009333705564861341,6.594280601237907,1.8116265670959768
4.093535164835165,0.05657217641550258,-1.208075417670377,0.07827109698185285,0.31100000000000005,280.44000000000005,0.0007315998237108837,5.398183202667838,0.22508045325779033,0.1072777806198203,-0.36349112280773355,0.8421919855935635,0.06800000000000006,1090.5600000000002,-0.0009289311695579183,6.595662677866964,1.810273759598098
4.093735172413794,0.05678071070116058,-1.2103887672557718,0.0808292983735769,0.33099999999999996,297.96000000000004,0.0006934053754502586,5.456957726836807,0.22670264400377713,0.10813240315678534,-0.41750244102230116,0.8188830649170532,0.06799999999999984,1089.8400000000001,-0.000905383360522022,6.597421256673178,1.807794217747864
4.093937184115523,0.05681177507362924,-1.21077800381582,0.07558756481151638,0.31599999999999995,284.46000000000004,0.000724008108890817,5.411514639525397,0.224716,0.10717435342642424,-0.3465845626778177,0.8491432434634191,0.06899999999999995,1106.94,-0.0009238728750923889,6.6096339715808785,1.8066354048555495
4.093741007194245,0.05681996091777773,-1.2111487660715665,0.07394455377880821,0.31799999999999995,285.6,0.0007191091954023008,5.415531591994803,0.22445185185185187,0.1069533536965579,-0.3439567140455084,0.8499522369858712,0.07000000000000006,1112.4000000000003,-0.0009233610341643584,6.614297687470616,1.8055000689788299
4.093673333333333,0.05683576639335893,-1.2116292715890757,0.07872065858457004,0.32399999999999995,292.3799999999999,0.0007052364864864873,5.439708902154109,0.22427474839890213,0.10737929303968044,-0.3506242930960646,0.8498315546863483,0.06999999999999984,1123.44,-0.0009109900090826529,6.622017665059996,1.8043647177734816
4.093767615658363,0.05662063477404039,-1.2117130606760362,0.07252378729125372,0.32000000000000006,288.30000000000007,0.0007090831191088221,5.426440381391481,0.2235110497237569,0.10715067473915625,-0.33353942578590656,0.8605955040506397,0.06899999999999995,1116.78,-0.0009198593374051457,6.613762999865397,1.8032058588952795
4.09365704467354,0.056816040432016865,-1.208969804591259,0.07838942012496682,0.33099999999999996,298.26,0.0006919150110375262,5.460558356798277,0.22675277264325322,0.10825097821862129,-0.4148057896774051,0.8189856539481031,0.07000000000000006,1111.8000000000002,-0.0008828207847295844,6.618199420052784,1.8007361009576615
4.09386961130742,0.05676667509741701,-1.2121128817984865,0.07266923232810833,0.32300000000000006,290.22,0.0007067914362682568,5.433947815226567,0.22503541472506988,0.10783169522932595,-0.3710697992345322,0.8435856920599393,0.06900000000000017,1103.1,-0.0009109900090826511,6.604929953663264,1.7994529304952562
4.094035563380282,0.05680850371556105,-1.2124867257390268,0.0736369783330656,0.32300000000000006,291.30000000000007,0.0007041261794113476,5.436957486053341,0.22490375457875458,0.10768050989467809,-0.37762715369230637,0.8389240981710906,0.07000000000000006,1122.54,-0.000899442345745637,6.621736882451953,1.7982017095540204
4.09369471830986,0.05675122391425335,-1.213034390390134,0.0730354690803094,0.32300000000000006,291.17999999999995,0.0007044237813468562,5.437238970702802,0.2238335140018067,0.1070126082560968,-0.3326031124050246,0.8585492613677539,0.07100000000000017,1138.0800000000002,-0.0009077705156136557,6.6357327026450665,1.7970336590751899
4.093917869415808,0.05681671705617428,-1.211668588754385,0.07911819553532991,0.33199999999999985,298.4999999999998,0.0006896789306876085,5.460424484632924,0.22624635272391505,0.10821744795381824,-0.4154184612024667,0.8216809423314054,0.06999999999999984,1113.4200000000003,-0.0008779367602897012,6.616335287484272,1.795131172539435
4.094047535211267,0.05677973838534233,-1.2137023703196121,0.07151170269918777,0.32300000000000006,291.29999999999995,0.0007024211711711718,5.43717307578353,0.223830845323741,0.10721587411328304,-0.3375209715033112,0.8565634073546429,0.07100000000000017,1142.7600000000002,-0.0008994423457456388,6.6382879462400055,1.7943744939834685
4.0938417543859655,0.05694627979848235,-1.213454378751282,0.07220947346279925,0.32500000000000007,292.79999999999995,0.0007019392917369304,5.439671813578686,0.22362484361036641,0.10710015369582351,-0.32129870278838135,0.86363746760883,0.07200000000000006,1152.06,-0.0009005161060686965,6.644841315835725,1.793656500891821
4.09389222614841,0.05669151109939927,-1.2141218263282438,0.07169378246562343,0.32300000000000006,290.70000000000016,0.0007051826677994874,5.433613890463967,0.2240939964157706,0.10684183847922152,-0.3382395201503421,0.8506892365839412,0.07200000000000006,1148.76,-0.0008945078847199591,6.645411563905017,1.792903729824213
4.093994014084507,0.056778445741218875,-1.2127264996812945,0.07190184227885074,0.32500000000000007,291.7199999999999,0.0007015324054548019,5.436883459229451,0.22365414414414414,0.10733319476770588,-0.3306457033649539,0.8620219558355953,0.07099999999999995,1142.4599999999998,-0.0008943965517241389,6.635103503078299,1.7920427173403652
4.093436206896552,0.05679971375072318,-1.2120835690190794,0.08036021420380038,0.33099999999999996,297.9000000000001,0.0006936936936936949,5.4568019393005684,0.22710211397058822,0.10837481386584984,-0.4381984898567164,0.8092935570328653,0.06999999999999984,1119.9,-0.0008730991085474566,6.6240245920349174,1.789738197402512
4.094022183098591,0.05696961539568851,-1.214073756792217,0.07121472261679272,0.32399999999999995,291.77999999999986,0.0007033445756042682,5.436912233332821,0.22474936594202902,0.10766141824190706,-0.36734429014485936,0.845304864019776,0.07100000000000017,1136.7,-0.0008862786972770949,6.632879323578985,1.788364261305997
4.093983038869259,0.05675071203571219,-1.213525980287249,0.07185610233350813,0.32299999999999995,290.7599999999999,0.000705047096864901,5.433578798540028,0.22457422867513613,0.10745202545806322,-0.3617388970030242,0.8455092276076234,0.07099999999999995,1134.7200000000003,-0.0008943965517241389,6.631133662559606,1.787021226508226
4.09405352112676,0.056955902959814966,-1.2142430090031275,0.07235705782549025,0.32500000000000007,291.77999999999986,0.0007033445756042682,5.436766121672554,0.2247486462093863,0.1076630458942893,-0.3634466484652057,0.844370643066622,0.07100000000000017,1141.0799999999997,-0.0008897707231040579,6.636007556459536,1.78585212780697
4.0934955172413785,0.05681612823997018,-1.2114645265151502,0.07761143913444492,0.33099999999999996,297.9,0.0006906345247991101,5.456724488972455,0.2261992700729927,0.10819911996643504,-0.4225872952160552,0.8192832050557457,0.07099999999999995,1128.1799999999996,-0.0008687292431393123,6.6281428561653435,1.7845543891322468
4.094020212765957,0.05676529864671891,-1.2138582221476846,0.07107778763564272,0.32199999999999995,289.7400000000001,0.0007065986972529036,5.430039098153384,0.22446781193490056,0.10751604629853195,-0.36756451835209347,0.8440387174247357,0.07099999999999995,1139.1599999999996,-0.0008951770777718449,6.633699987070799,1.7843908862372841
4.09417615658363,0.0567979966267767,-1.213846000039527,0.07116417880465194,0.32100000000000006,288.72,0.0007091295116772831,5.426503712934384,0.2243232110091743,0.10740220763265677,-0.3580771244022154,0.8467917578665454,0.06999999999999984,1122.0,-0.0009110867178924267,6.618916545734849,1.7843315935958448
4.093960215053763,0.056710689047863805,-1.2137313649028905,0.0710772330042659,0.31900000000000006,286.67999999999984,0.0007128599942971182,5.4195039854788165,0.2245489010989011,0.10743457677274204,-0.3584594933264631,0.8469375703905296,0.07000000000000006,1124.1000000000001,-0.0009095030830612987,6.62231214840913,1.784198613488662
4.094125631768954,0.05679348134705107,-1.2122437065110152,0.07457924458420583,0.31600000000000006,284.5799999999998,0.00072126436781609,5.412166750413859,0.22414958979033728,0.10730402179022366,-0.3649383327167879,0.8442280642109105,0.07099999999999995,1128.6599999999999,-0.0009095030830613007,6.62484377073231,1.783814048196469
4.093587889273357,0.05684666766800493,-1.2103166988276972,0.07940665297930248,0.33000000000000007,296.93999999999994,0.000695079695079693,5.453644127028612,0.22716340782122904,0.10860432374391356,-0.44697357679045036,0.8077235666933813,0.06899999999999995,1105.4399999999998,-0.0008739730816290868,6.609963316013204,1.7816520235061326
4.093880586080586,0.05668752494072741,-1.2124158214308316,0.0744065770638207,0.31099999999999994,280.44000000000005,0.0007319223985890633,5.397768837314366,0.22355051162790698,0.10689502247518728,-0.3241317945084061,0.8603850350966503,0.06899999999999995,1107.12,-0.0009327303561334101,6.605243926419348,1.7799594826263325
4.093884615384616,0.05685316848669574,-1.2108483575122966,0.07640617696608458,0.31100000000000005,280.44000000000005,0.0007348618459729543,5.3975202595977585,0.22433274418604648,0.10722486845965526,-0.3537891706076901,0.8493211128405781,0.06899999999999995,1106.82,-0.0009183296378418328,6.607118660551647,1.7781851935982091
4.0938468634686345,0.056686518530873815,-1.2096603567348563,0.0774433088153047,0.30900000000000005,278.4000000000001,0.0007396712572190119,5.3903947139526,0.22372695099818513,0.10709597926416817,-0.3272755628433561,0.8604581877661936,0.07000000000000006,1135.08,-0.0009138309549945124,6.629939343861686,1.7765919726593724
4.09357925925926,0.05663979571564998,-1.2083629075372364,0.07834018799039782,0.30799999999999994,277.32000000000005,0.0007430617726051904,5.385619632339862,0.2244890524379025,0.10721951251330862,-0.36153064500901877,0.8443790217559907,0.07000000000000006,1119.0,-0.0009042650558301319,6.618506499377073,1.7754426360474325
4.093438062283737,0.056803405927505615,-1.2116238942223108,0.08084839263806355,0.32999999999999985,296.93999999999994,0.0006948514022603582,5.45333088822745,0.2275681338028169,0.10875746034975521,-0.47431051983005634,0.7937420817389796,0.07400000000000007,1169.6399999999999,-0.0008316749585406308,6.665906844887953,1.7754301094358125
4.093494756554307,0.0565061347854056,-1.2048922471723764,0.08074416677811547,0.30500000000000005,274.2,0.0007521058965102261,5.37531133099733,0.2243813953488372,0.107294895901087,-0.35696750269047106,0.846027358238448,0.06899999999999995,1107.24,-0.000923872875092387,6.606156898479314,1.7765119239981244
4.093819850187266,0.056403432599145244,-1.1998323174280103,0.0727902302981596,0.30400000000000005,274.14,0.0007490974729241852,5.378378461509276,0.22566368715083798,0.10775578846480226,-0.39445539727570056,0.8301190897123686,0.06900000000000006,1104.66,-0.0009062896501721955,6.608797103039228,1.777927632011317
4.097587890625,0.05561557407710125,-1.1704392713533758,0.003841770570813052,0.29200000000000004,262.86,0.0007407407407407381,5.356809810917223,0.2262254170755643,0.10799738989184948,-0.4087404643431798,0.8232238795438186,0.06600000000000006,1048.98,-0.000944444444444444,6.557283920959335,1.7793594217997728
4.09355294117647,0.05689275165002497,-1.2127670715402343,0.0818010082870163,0.33000000000000007,296.94000000000005,0.0006972361809045219,5.452739372193916,0.2265801282051282,0.10822270019599632,-0.4058326380943402,0.8245639967267044,0.07099999999999995,1124.5800000000002,-0.0008735930735930757,6.627199798052888,1.7806599461580226
4.097781176470588,0.0555222834490822,-1.168215943948329,0.0013576246631164012,0.29100000000000004,261.84000000000003,0.0007418924922256778,5.353927295708127,0.2268276134122288,0.10775334894059518,-0.42211980278064143,0.8141643063450805,0.06600000000000006,1044.2400000000002,-0.0009355390758699371,6.556963721807895,1.7760444142156093
4.094065789473683,0.056395607154561454,-1.1971372012744084,0.0723970731617466,0.30300000000000005,273.18,0.0007513537906137176,5.374760658439262,0.22479464114832537,0.10752087248125174,-0.3670403156720887,0.843635136039366,0.06700000000000006,1075.92,-0.000944444444444444,6.578966593424786,1.7739836964603333
4.093677430555555,0.05683951100646017,-1.2123619040260405,0.08165640279071189,0.32899999999999996,295.8599999999999,0.000698226504678115,5.450436286613275,0.22982138063279006,0.10953447371987077,-0.5097133592766201,0.7752717710276419,0.06899999999999995,1073.7000000000003,-0.0008633710950909718,6.586813220418042,1.7702541800061704
4.093558052434457,0.05657104612015176,-1.2061037642446697,0.0818153483612921,0.305,274.19999999999993,0.0007521058965102264,5.374656587961159,0.2239215668202765,0.10716130902701676,-0.3397082014469128,0.8544489156283466,0.06900000000000017,1117.3200000000002,-0.0009201773835920159,6.614373268464382,1.7687390126994251
4.093551851851852,0.056861954151295024,-1.2086160899936071,0.08317160555105764,0.30899999999999994,277.32000000000005,0.0007467920023873422,5.385580105430451,0.2246025210084034,0.1073521745350229,-0.35797547127384144,0.846725262749674,0.06900000000000017,1102.8,-0.0009201773835920178,6.603847284847211,1.7674052545626002
4.093359040590405,0.056852185350726246,-1.2110881428404128,0.08244971901706326,0.30900000000000005,278.4,0.0007438078185616256,5.388235065557539,0.22452486136783734,0.10729223580647539,-0.3575360899070543,0.8471605282607916,0.06899999999999995,1114.44,-0.0009092572264910359,6.614102063016783,1.7662036620785306
4.093513970588235,0.05678721981427183,-1.2123411970069955,0.08202528653016436,0.31100000000000005,279.30000000000007,0.0007386027235050328,5.392846353781389,0.2237780487804878,0.10700931726095282,-0.32394711551876343,0.860676617509403,0.07099999999999995,1138.32,-0.000906862745098039,6.635303338832081,1.7650849917300517
4.093724041811846,0.05663307796290307,-1.2116540763241654,0.07827451927446397,0.32699999999999996,294.6600000000001,0.0006975282781734374,5.447142111320655,0.22882557471264367,0.1088168554667591,-0.4773158520850673,0.7889793325867991,0.06799999999999984,1073.28,-0.0008849479442385713,6.5882967738161975,1.762911296780259
4.093752727272727,0.05684161809015855,-1.2140581099065473,0.0753528010575493,0.31399999999999995,282.29999999999995,0.000727935813274983,5.404197445218504,0.22411871083258728,0.10727409758827307,-0.344643712250273,0.8528880168461868,0.07099999999999995,1148.8199999999997,-0.0008898984500267259,6.643953661304258,1.761828905598909
4.09361870503597,0.05690131690874097,-1.2127567437262943,0.07666474667903744,0.31700000000000006,285.29999999999995,0.0007235984354628417,5.41435184274823,0.22420018298261662,0.10744031812071535,-0.3547351501050384,0.8501914804508499,0.07000000000000006,1123.4400000000003,-0.000898692810457516,6.621276080315364,1.760774703393079
4.0936067615658365,0.05692764206560425,-1.217692143883975,0.0747619009254461,0.32000000000000006,288.3599999999999,0.0007127568493150684,5.42475082273011,0.22404461678832116,0.10751118100162466,-0.3479274235529157,0.8540969703250262,0.06999999999999984,1126.4399999999998,-0.0009078516902944391,6.622838538941163,1.7597705670998982
4.093602857142858,0.05684817366441592,-1.213616043892014,0.07633065653791056,0.31999999999999995,287.4,0.0007168536094334225,5.421942814508926,0.2237721119133574,0.10713454102715608,-0.3401984259625914,0.8558104530432654,0.07099999999999995,1138.5000000000002,-0.0008954817637452385,6.634943623292336,1.7588383736564954
4.093856747404844,0.056895510654824226,-1.2141683683595934,0.07937659325491755,0.33000000000000007,296.5200000000001,0.0006939822518025472,5.452575693603477,0.22747406392694064,0.10860853554848615,-0.44390941614522195,0.805779834990917,0.07099999999999995,1125.84,-0.0008586900464156792,6.6305437829918965,1.7572614740969754
4.093864184397163,0.05681853996012252,-1.2160888160429082,0.07128045811601302,0.32200000000000006,289.38,0.0007082092726499356,5.429875926779999,0.22397902790279028,0.10721470472144189,-0.3486645377822777,0.8524730332345061,0.07099999999999995,1142.2799999999997,-0.0008907892392659914,6.638159101141467,1.7565654280317253
4.093792957746478,0.05683152411738801,-1.2164296235999952,0.07233238016831889,0.32399999999999995,291.30000000000007,0.000704423781346855,5.436509152110377,0.22240389380530975,0.10670249519300615,-0.30121345530209176,0.8741116982551347,0.07200000000000006,1162.14,-0.0009023238925199702,6.650698969200068,1.7550079078694996
4.093744097222222,0.05680105724408746,-1.2137262897664312,0.07976509017715458,0.32800000000000007,295.3799999999999,0.0006991051454138679,5.449920088312197,0.2264612115732369,0.10832196777853764,-0.4228721457529869,0.8196496387681337,0.07199999999999984,1136.5800000000002,-0.0008565531475748164,6.638048610711192,1.7527688719236392
4.094010247349823,0.056926928560613384,-1.2156739003781283,0.06939518414293497,0.32300000000000006,290.3399999999999,0.000706537052690898,5.433085149338646,0.22426343216531894,0.10752294149858324,-0.3484348116152449,0.8522313695267113,0.07099999999999995,1144.8599999999997,-0.0008894230769230778,6.6393257985908924,1.7513771442562127
4.093919787985866,0.056967724083328106,-1.2152423370435383,0.07189175679723626,0.32299999999999995,290.10000000000014,0.0007088122605363973,5.432918022366991,0.22497326549491212,0.10713563181939165,-0.3666755078191355,0.8409388767878377,0.06900000000000017,1111.0800000000004,-0.0009015942825728418,6.616381639750826,1.7499146051139285
4.093963957597173,0.056914757796276354,-1.216248835846035,0.07332147481125212,0.32300000000000006,290.4,0.000707607309817254,5.433286069988191,0.22420681818181817,0.10735171683796144,-0.3472487204337309,0.8532293854699674,0.07099999999999995,1130.76,-0.0009048389998201112,6.628670471206626,1.7484710426129928
4.0941296819787985,0.056916578675878016,-1.2160775928367595,0.0713307832244313,0.32300000000000006,290.2199999999999,0.0007062385579495841,5.432884669607824,0.22371816530426883,0.10717440867711685,-0.34694938507357076,0.8532447461863736,0.07000000000000006,1131.96,-0.0008968772694262884,6.627688586042338,1.747136244869614
4.093431379310345,0.056939558530811486,-1.2132456653739339,0.08154793072448575,0.33000000000000007,297.53999999999996,0.0006946755407653914,5.455584734844857,0.22766638965835642,0.10849751483928383,-0.453200131775211,0.8049438540179564,0.06999999999999984,1113.3000000000002,-0.0008676036786395956,6.621994643588138,1.7451165788977523
4.094067491166078,0.05674103409564242,-1.2141086335480544,0.07079730010082143,0.32300000000000006,290.2800000000001,0.0007044237813468556,5.433484706907867,0.22337318385650226,0.10731085421969586,-0.3270821737716374,0.8630571449868061,0.07100000000000017,1146.78,-0.0008985429033998919,6.637945490550637,1.7443981835660523
4.094146126760563,0.05684312814573439,-1.2152672123373007,0.07191965335878478,0.32399999999999995,291.4799999999999,0.0007035317292809881,5.437198717743894,0.22392386058981234,0.10758043985433105,-0.3541648774925905,0.8529779346048133,0.07200000000000006,1150.4400000000003,-0.0008837044892188062,6.642420369498506,1.743721498785476
4.09414190140845,0.056859432287410486,-1.2177579420014102,0.07127797532375676,0.32399999999999995,291.30000000000007,0.0007028281975517082,5.4364956264881235,0.22309776984834967,0.10704717412587764,-0.32126533424070036,0.8660197306514474,0.07200000000000006,1151.94,-0.0008940456916711633,6.644016169318128,1.7429632093366003
4.093343055555556,0.05675028102326134,-1.2130262464783657,0.08218722967188778,0.32800000000000007,295.38,0.00069572506286672,5.449418814997086,0.22441142355008786,0.1074138827476998,-0.3529482075447872,0.8489723906784239,0.07299999999999995,1169.2199999999998,-0.0008745016467325355,6.662778023641662,1.740745538083796
4.094164184397163,0.05693966223716391,-1.2166727223431475,0.07089091781187917,0.32200000000000006,289.44000000000005,0.000708616780045349,5.429313362507163,0.22324164408310748,0.10723636975148712,-0.32607978930372816,0.863504144791981,0.07099999999999995,1138.2600000000002,-0.0008977149075081634,6.630438383191576,1.7392614210062864
4.093956028368795,0.0568842901305692,-1.2160631329820302,0.07157285931637108,0.32099999999999995,289.0799999999999,0.0007098239636570174,5.429812782738177,0.2231076517150396,0.10679206035231302,-0.32015603015227256,0.862766599065154,0.07299999999999995,1168.7399999999998,-0.0008989572096368211,6.6594414864837335,1.7376462287133108
4.093917793594305,0.056732320557540364,-1.2166572498195711,0.07041045536150824,0.31999999999999984,288.3600000000001,0.0007060825180774114,5.425681253645105,0.22296764184397164,0.10711502330268212,-0.32586659557207964,0.8643786313092211,0.07200000000000006,1160.4000000000003,-0.000885529157667386,6.648455014343311,1.7359985411507106
4.094092857142857,0.05687980076172803,-1.2158197388924663,0.0730416425531642,0.31899999999999995,286.9799999999999,0.0007151021574510601,5.42192460177316,0.2229091388400703,0.10718123649232948,-0.3232071329749657,0.8688796019419357,0.07299999999999995,1170.36,-0.0008832282913165265,6.657389380598403,1.7344169382643264
4.093415862068966,0.056865907822989156,-1.2139503755555556,0.08177647782517046,0.33000000000000007,297.60000000000014,0.000694560088814878,5.4556812635825125,0.22600554089709762,0.10805543251148426,-0.40383767410980864,0.8274203034221137,0.07299999999999995,1168.1999999999998,-0.0008438925494171309,6.665593430196181,1.7318348396163294
4.093863043478261,0.056968249580818746,-1.2155562423994515,0.07443741840108907,0.31399999999999995,283.20000000000005,0.000726718885987816,5.407794708914085,0.22274214659685862,0.10685223847745741,-0.31329476567829895,0.8681897604288296,0.07299999999999995,1177.9199999999996,-0.0008877005347593582,6.665180950733462,1.730962703622945
4.093857090909091,0.057053612224826106,-1.2174298231448113,0.07704414073896756,0.31300000000000006,282.18000000000006,0.0007300335815447484,5.403064810019043,0.22270221827861578,0.10695439434954589,-0.3122627928397681,0.8699400178233487,0.07199999999999984,1158.54,-0.000891347364633928,6.647633911625031,1.7304133718422323
4.093861397058824,0.05686603855285937,-1.2154330970161988,0.07963106116275596,0.30999999999999994,279.06,0.0007381267460667521,5.392340574856146,0.2229694023193577,0.10695585240005458,-0.31312807504009976,0.8685235567888252,0.07200000000000006,1152.06,-0.0009048389998201112,6.643969379953157,1.7302166240965793
4.093484444444445,0.056746118635964134,-1.214221022561897,0.08007751269316726,0.30799999999999994,276.7799999999999,0.0007424854194706114,5.3844942614733515,0.22261237756010688,0.1070099234667,-0.3116178566936636,0.8707270392273825,0.07200000000000006,1154.2199999999998,-0.0008986928104575178,6.64317474831947,1.730402240208373
4.093291319444444,0.056811104166284244,-1.213423589500106,0.08157187091369629,0.32899999999999996,295.31999999999994,0.0006991051454138679,5.449120004340418,0.22574171122994655,0.10805142454282958,-0.396963883293604,0.8302977055831362,0.07299999999999995,1153.1399999999999,-0.0008576300085251514,6.650845005136057,1.7319938071545884
4.093508301886793,0.056807881519880594,-1.2072322247562586,0.08503351347892131,0.30200000000000005,271.86,0.0007612981498331787,5.366651840902895,0.2236554128440367,0.10715708889317083,-0.3295920159108938,0.8597865775002228,0.06900000000000006,1120.6799999999996,-0.000921198668146505,6.617950044177925,1.7331840607982314
4.093525,0.0565598293777697,-1.202655586192069,0.07890572990975915,0.30000000000000004,270.78,0.0007618173474070652,5.36514882913734,0.2246625,0.10746807635601265,-0.35198824237123283,0.8491235484745964,0.07000000000000006,1118.04,-0.0009109900090826529,6.619266318470351,1.7343252839177605
4.097441434262949,0.0555899102701138,-1.1757464506443676,0.007169490194382404,0.28600000000000003,257.40000000000003,0.0007574377656344875,5.33556755986361,0.22507879069767442,0.10757951398493702,-0.3709401079128236,0.8406005781214628,0.06900000000000006,1104.78,-0.0009148351648351668,6.6082820258781885,1.7351719995000097
4.093371626297578,0.05694460573459659,-1.2134490105661047,0.08351959241430171,0.33000000000000007,296.52,0.0006988120195667346,5.451930392094207,0.230022808671065,0.10944612603161064,-0.5227993623508009,0.7724164458501619,0.07000000000000006,1091.8199999999997,-0.0008384458077709639,6.606101044329588,1.733578820654204
4.097485657370518,0.05563813320019039,-1.1721596095566584,0.0027791156963875244,0.28600000000000003,257.34000000000003,0.0007573685809784286,5.336408845915497,0.22554071630537229,0.10751089847240879,-0.39070737794672983,0.829611684791873,0.06799999999999995,1091.2800000000002,-0.0009156492785793556,6.5973947571275575,1.7259842667922707
4.093471212121211,0.05653426827544379,-1.2006540896191433,0.08275650320595335,0.30100000000000005,270.78,0.0007633471011167211,5.364783928180515,0.22462658693652254,0.10725629272454541,-0.3565966482858043,0.8459187615208514,0.07000000000000006,1118.3999999999999,-0.0009162543522081739,6.619284982036822,1.723293948775491
4.093521722846441,0.056828934907533546,-1.212284160485709,0.08567165726552427,0.304,273.78000000000003,0.0007572332730560596,5.3725726735003265,0.22329740143369176,0.10705146328163148,-0.31549440433030496,0.8669158347784187,0.07100000000000017,1147.68,-0.000906862745098039,6.640893769344997,1.7180932079467301
4.093361481481482,0.056933598080551755,-1.2130957975266847,0.08550532005214513,0.30699999999999994,277.0200000000001,0.0007485432541461233,5.383611007165516,0.22292191413237925,0.10718493411467002,-0.31678045648526654,0.8692613862244065,0.07099999999999995,1149.7800000000004,-0.0009021406727828741,6.639420622567124,1.7171577461353384
4.093615384615385,0.05701139193996812,-1.2169389041043028,0.08029265330877203,0.31100000000000005,279.9,0.0007376325088339232,5.395034127759608,0.2233195340501792,0.10719551558285083,-0.3228919366131122,0.8646125254007373,0.07099999999999995,1147.8600000000001,-0.0008958445763626548,6.639562008148589,1.7153130669588177
4.09376643598616,0.056851161361905864,-1.2135907280022624,0.08255285305742403,0.32999999999999996,296.51999999999987,0.0006959478212600604,5.45271905442543,0.23119665391969407,0.11029239826478875,-0.5579846347826805,0.7558134480890961,0.06900000000000017,1075.9799999999998,-0.0008345902463549499,6.591069579349416,1.71222235324623
4.093568115942029,0.05689225449116958,-1.217978871331244,0.07594405789178929,0.31499999999999995,283.0799999999999,0.0007274320771253266,5.407063121560099,0.22273297872340425,0.10700591674000247,-0.31690677273844026,0.8685455917177568,0.07200000000000006,1160.2199999999998,-0.000892310462812894,6.648272687557228,1.710103892806727
4.09370035971223,0.05696626762701436,-1.2177421918528797,0.0746394296746734,0.31699999999999995,285.17999999999995,0.0007203511801957424,5.414228972852927,0.22283931698774076,0.10718156267342197,-0.314619088379704,0.868957053465456,0.07299999999999995,1173.7199999999998,-0.0008918050348152139,6.659862580666513,1.7078335229719213
4.093844839857652,0.056943211238155024,-1.2183240607041264,0.07243649385516171,0.31999999999999995,288.3600000000001,0.0007116345467523221,5.425251449314327,0.2225896729776248,0.1069686091135778,-0.30473733082696963,0.8738790163483738,0.07400000000000007,1194.96,-0.0008713910761154861,6.677936183645422,1.705600148032244
4.09397703180212,0.05713612784369201,-1.2205019042026504,0.07155711817545983,0.32300000000000006,290.2199999999999,0.0007083509364878194,5.431846327742813,0.22280981912144704,0.10692909081932307,-0.31204107803346437,0.8695814742174204,0.07400000000000007,1193.7000000000003,-0.0008744316194473598,6.67831331007527,1.7035926722781265
4.093488581314879,0.05679692082881246,-1.2153058587573151,0.083634539842776,0.32900000000000007,296.6399999999999,0.0006954335986594028,5.452364121285553,0.22941436170212767,0.10928510904830062,-0.5063160761504046,0.779706957811135,0.07400000000000007,1159.38,-0.0008066083576287659,6.665291651056164,1.7009400727609805
4.093959010600707,0.056899399306353994,-1.2179198199217265,0.07297953068212926,0.32300000000000006,290.52,0.0007061906785663718,5.432261629888805,0.22318934497816592,0.10728787732122844,-0.3161697249783617,0.8687472083319473,0.07299999999999995,1177.86,-0.0008779761904761904,6.664278950344849,1.7002469812149266
4.094188028169014,0.05704874118470772,-1.2192175659147348,0.0711986077590249,0.32399999999999995,291.4799999999999,0.0007041261794113486,5.435592358737029,0.22355878787878788,0.10740812644412148,-0.3331654055408677,0.8619864098140041,0.07400000000000007,1187.8799999999999,-0.000864261168384881,6.673839609034554,1.6996838532883825
4.0936,0.056887972484766604,-1.2178328002617471,0.07422746171186123,0.32300000000000006,290.10000000000014,0.0007059741734071228,5.432127503481934,0.22422152230971126,0.10758478351294315,-0.35039505966853746,0.8509609907225497,0.07400000000000007,1175.7,-0.0008697537287547664,6.665011815530231,1.6990138169078923
4.093492361111111,0.05682974033102582,-1.2138998232340277,0.08211150434363988,0.32899999999999996,295.3799999999999,0.0006988120195667407,5.449562912156295,0.2310674688057041,0.10979884817770626,-0.5467326313117908,0.7597647430811034,0.07400000000000007,1153.56,-0.0007871674491392819,6.664319711978057,1.6964776005312328
4.093926855123675,0.05689266802112599,-1.2175869307336233,0.07392387297288834,0.32200000000000006,290.34000000000003,0.0007067914362682568,5.432218338614074,0.22295437392795886,0.1070276658767722,-0.31815276316276053,0.8669708226048833,0.07400000000000007,1198.38,-0.0008619493583073174,6.682537119245576,1.6945700966280504
4.093851236749116,0.0569061917013209,-1.2196890690419038,0.07313538707859048,0.32299999999999995,290.27999999999986,0.0007060825180774125,5.432820569141251,0.2239105670103093,0.10755549642402616,-0.3460246376212752,0.854819268783088,0.07400000000000007,1196.6400000000003,-0.0008447372867038341,6.681966275246115,1.6924730364568938
4.0941387323943665,0.056926791198342236,-1.2177797288102818,0.07352757601969567,0.32400000000000007,291.29999999999995,0.0007038288288288267,5.436625354262829,0.22285021682567216,0.10690090596824096,-0.3130099081513751,0.8697227221602918,0.07299999999999995,1185.0000000000002,-0.0008700980392156861,6.672130960019649,1.6903819681842052
4.093654929577465,0.05693913735756109,-1.2188040685678319,0.07455127173475141,0.32400000000000007,291.3000000000002,0.0007063829787234015,5.43555137021167,0.22273333333333334,0.10710514109976235,-0.307275776622141,0.8729128475833177,0.07300000000000018,1184.5799999999997,-0.0008784375547381358,6.669094735979552,1.6884924399764263
4.0933930555555555,0.056782013306222456,-1.2141091673080033,0.08325976078345237,0.32799999999999996,295.4999999999999,0.0006988120195667346,5.44956807528458,0.2291620751341682,0.10880582617839392,-0.4913907048624173,0.7803357435699657,0.07300000000000018,1149.3000000000002,-0.000816193274567418,6.657815080765785,1.686033489946059
4.094127659574468,0.0569255325510841,-1.2171277707997672,0.0739700092796963,0.32099999999999995,289.3199999999998,0.0007096271090316145,5.42950675633239,0.2232874345549738,0.10731006516836009,-0.3198501581613562,0.8659870891691502,0.07299999999999995,1177.6199999999997,-0.0008775153105861753,6.665190002360812,1.6850596162899112
4.09410390070922,0.056908748835344504,-1.2173168638677148,0.07370092677881562,0.32200000000000006,289.26,0.0007099290780141808,5.428946363594418,0.22279109947643977,0.10702171653028107,-0.31408815280358526,0.8693375569443887,0.07300000000000018,1179.9600000000003,-0.0008785802143735709,6.664504978735338,1.684642871316882
4.093452797202797,0.05682763574602896,-1.2144099356551792,0.0840186984560404,0.32599999999999996,293.82000000000005,0.0007029382820188426,5.44141175145317,0.23221694468832307,0.1096592597998389,-0.5786854160090105,0.7364488867537627,0.07600000000000007,1172.88,-0.0007652040030792916,6.68458558970091,1.6829775549848967
4.093824199288256,0.05698380913349352,-1.2174097952381109,0.07154470991262679,0.32099999999999995,288.65999999999997,0.0007110255313079475,5.425178189530595,0.22222908777969017,0.10704391773611867,-0.29758895254532103,0.8770334017634127,0.07400000000000007,1197.0,-0.0008783068783068778,6.6750425216668905,1.681627062241375
4.09398256227758,0.05711480367758155,-1.2191199545066187,0.07296758935570054,0.32100000000000006,288.78,0.0007125552230297822,5.425041916554928,0.22274469370146677,0.10693153553332771,-0.308958290766725,0.8709887505643462,0.07400000000000007,1193.6399999999999,-0.0008652333508127964,6.676267395726686,1.6800512910702792
4.093813405797102,0.05689934668884991,-1.2178448170303338,0.0729206900188395,0.31500000000000006,283.67999999999995,0.0007223427331887195,5.4075623697502495,0.2222602966841187,0.10692003235565666,-0.29993543308560033,0.8767934233170587,0.07299999999999995,1179.72,-0.0008809396689802451,6.662488995282455,1.6766349906487465
4.093715034965035,0.056867230518260314,-1.214572862730908,0.08289396221758921,0.32600000000000007,293.88,0.0007026419336705981,5.441894123763473,0.2305928762243989,0.10890221230974638,-0.5286446299222973,0.7574591110519493,0.07400000000000007,1156.3799999999997,-0.0008117359413202948,6.667680375052499,1.6735383601829439
4.093558455882353,0.05695526497093852,-1.2171652139424913,0.07622275138215982,0.31099999999999994,279.4200000000001,0.0007374500222123475,5.391790052538726,0.22223032714412028,0.10693303022426408,-0.30008181275467516,0.8775956830165296,0.07200000000000006,1165.5,-0.0008926005747126443,6.649196590928585,1.6722906007778446
4.093805204460967,0.05685816805023555,-1.217230426349756,0.07648735922401438,0.30700000000000005,276.4200000000001,0.0007431425163983331,5.381350282022362,0.2224159574468085,0.10718678001129467,-0.30570578203870324,0.8740921958528757,0.07199999999999984,1161.2400000000002,-0.0008979885057471289,6.645148008125692,1.6712848034208507
4.093724626865672,0.05700019630310156,-1.2175269729213907,0.07885614452431665,0.30600000000000005,275.28000000000003,0.0007482840943002078,5.376028337461343,0.22234407836153164,0.10692253655288918,-0.30708690416658735,0.8736850325831061,0.07100000000000017,1156.32,-0.0009008519122711624,6.642402844635859,1.6705490497481126
4.09326015037594,0.05693219742585724,-1.2165004357511278,0.08310578138666501,0.30399999999999994,273.24,0.0007568181818181815,5.368599333991174,0.2231312888888889,0.10714084835136353,-0.3119530623719182,0.8700182147057808,0.07200000000000006,1158.2400000000002,-0.0008925075636234233,6.647506831538929,1.6701114213957788
4.0930880308880315,0.05671462236107096,-1.2106849008146072,0.09089482439511333,0.29600000000000004,266.0400000000001,0.000779759111528229,5.341144752903492,0.22276918294849024,0.10679464025444654,-0.3125168619501233,0.8688720046804991,0.07200000000000006,1159.6799999999998,-0.0009006824712643668,6.6484452136147745,1.670692016128728
4.093219844357977,0.05661090588011479,-1.207057382913239,0.08671032256542602,0.29300000000000004,263.94000000000005,0.0007856128726928511,5.335190554434534,0.22325567470956212,0.10701429870078784,-0.3219638022582698,0.8639679168820499,0.07100000000000006,1151.7599999999998,-0.0008977149075081616,6.64309705475581,1.6713094952463174
4.096615447154472,0.05593952314053362,-1.1835922876489489,0.02099159097740348,0.281,252.6,0.0007805412169560465,5.310600950061613,0.22417387791741475,0.10730855597193648,-0.34114138088289936,0.8542394014094509,0.07099999999999995,1147.08,-0.0008978465919202701,6.641423428642888,1.671969308753614
4.096848979591836,0.05590302289095395,-1.1805423563733768,0.020638271651632352,0.28,251.57999999999998,0.0007828875332394761,5.307925987258685,0.2244701438848921,0.10702322736183639,-0.35190386410870866,0.8458414007749272,0.07199999999999995,1144.98,-0.0008984725965858043,6.642511492241324,1.6697218633855786
4.092927519379845,0.056491584562699815,-1.2029545461297413,0.09265820292794162,0.29500000000000004,264.96,0.0007824578009149689,5.338908705377166,0.22399231464737793,0.10687613313665767,-0.334186736097712,0.8566824999027677,0.07100000000000006,1138.98,-0.0008981330433206456,6.636670488108675,1.6665538761242624
4.0929091954022985,0.05675949590345824,-1.2133644032532296,0.09206377142774885,0.297,268.08,0.0007728119180633123,5.3481351820752,0.22292759856630825,0.10716673594022812,-0.3108290487794756,0.8708735039888991,0.07100000000000017,1149.4199999999998,-0.000905383360522024,6.6379777585612985,1.6488759783756333
